8 6
175 33
5 4
31 12
1 1
30 11
4 2
62 24
1 1
1 1
4 4
6 4
374 57
3 3
727 113
433 48
3 3
416 105
196 54
148 40
6450 343
7 5
1 1
2 2
1 1
2 2
4 3
2 2
7 5
115 26
2 2
3 2
4 3
138 44
337 58
1 1
537 55
1 1
2 2
466 82
1 1
4 4
5 4
6 4
1 1
40 20
7 5
46 14
5 3
80 36
13 9
4 4
29 9
2 2
539 93
10 8
465 50
81 27
6 3
3 3
1 1
1323 138
4 3
2 2
6 6
167 34
487 88
988 137
1 1
187 36
892 95
9 7
3 3
1 1
5 5
1 1
829 80
1 1
742 108
11 8
59 16
1705 154
5 4
5 3
13 9
2 2
3219 264
1 1
927 189
11 8
75 26
2 2
52 31
250 49
490 83
98 27
23 16
89 25
56 14
352 63
25 11
2 2
108 35
85 25
23 8
28 13
1 1
142 46
4773 331
3 3
2 2
9 7
1 1
1 1
84 27
6 4
31 11
12 9
3 2
1 1
10 5
512 92
894 148
11 7
7 4
18 9
83 21
2 2
2 2
141 36
10 5
193 45
1 1
1 1
78 28
345 48
26 10
425 58
277 52
4221 213
152 33
364 87
1399 104
1 1
34 11
14 9
1263 169
32 12
33 15
44 15
2 2
14 8
1258 124
1 1
1 1
120 34
67 24
181 36
66 23
1 1
2 2
4025 280
1 1
449 117
3 3
1 1
18 9
1 1
534 62
9126 275
1 1
1 1
104 33
257 44
19 12
4649 324
125 23
176 30
2093 220
2 2
524 89
18 7
8 4
21 11
89 27
106 29
1138 165
2 2
7 5
4 3
374 81
514 70
3 3
5 3
3 3
5 4
4 3
11 10
934 103
1 1
4 4
22 8
4638 333
17 11
264 56
1 1
1 1
1033 87
21 12
488 70
1 1
1066 100
4 4
5 4
229 60
169 28
1 1
4708 322
465 69
6 4
10930 723
20 11
6 4
113 29
154 30
8 6
388 42
1 1
1 1
18 14
3 2
20 7
50 19
150 38
69 24
53 19
8 6
175 42
6 4
110 29
1 1
338 51
12 10
209 40
4 3
1992 274
13 8
1 1
513 90
71 18
9 9
7228 371
123 42
495 77
1 1
4 3
23 10
6318 360
1 1
382 63
1 1
23 12
4 4
446 91
90 22
2 2
287 60
88 22
1 1
14 8
4294 311
5765 340
8 4
1601 156
1 1
1 1
213 52
292 48
332 55
130 31
42 17
2 2
1 1
2073 178
9997 487
15 8
13 7
2 2
359 89
716 105
65 29
6 5
7 6
1 1
1 1
1 1
11666 496
4166 323
113 34
3 3
3 3
8121 458
1 1
24 13
5 4
28 12
140 35
159 30
68 23
13 9
365 62
14 9
159 30
704 78
12536 546
1 1
108 24
6 3
97 29
1 1
413 66
3441 334
10 5
100 34
1264 192
6 4
3 3
4 3
1034 135
1 1
18 9
51 13
820 99
4580 334
3229 307
17 11
1944 275
1659 128
104 26
1138 143
7 7
171 31
14 8
92 23
23 10
2 2
24 11
23 11
18 10
2 2
97 30
3 3
3 2
141 41
36 10
4056 286
134 30
1 1
25 15
58 25
693 93
15 9
6 5
21 8
87 19
62 22
1 1
292 46
1977 184
7 4
512 67
1 1
1346 138
622 82
4920 246
5 3
14 8
6730 401
95 31
490 68
6 3
59 16
17 9
1 1
2 2
70 21
206 33
1225 122
2113 130
18 12
5 5
3 3
5 4
156 28
1 1
39 9
