6 5
15 7
6 6
2 2
14 10
1 1
1 1
35 22
3 3
21 11
14 9
4 3
1461 148
3 3
1102 127
23 13
1239 122
2 2
294 46
30 12
55 16
100 36
15 10
1 1
6 6
1095 96
1 1
481 80
110 26
273 43
8 6
1 1
350 53
1 1
2 2
38 17
77 22
6 4
52 21
3 2
102 24
7 7
135 39
198 39
99 29
1 1
1344 115
2 2
30 15
1 1
3 3
347 49
47 15
56 15
200 34
1 1
32 10
730 103
66 29
13 5
821 110
191 41
190 36
2 2
31 14
7 6
4 4
1 1
27 9
197 35
2 2
17 10
396 62
9402 295
47 18
21 9
917 125
25 12
958 119
154 33
123 26
1045 120
2 2
50 14
44 16
1 1
2 2
26 14
1 1
530 74
971 101
727 109
951 98
1 1
1 1
336 54
37 22
51 20
22 11
22 9
15 9
1 1
11 4
2534 174
1698 182
348 58
2 2
74 20
2305 192
5 3
22 10
1490 180
3667 304
440 54
5 3
425 64
5 4
1 1
620 90
1314 126
5 4
46 14
1 1
1679 158
47 17
97 30
11 7
2404 203
39 20
236 62
4 3
3 2
1192 123
6 6
4 3
2 2
1 1
9 5
1 1
218 39
111 29
1 1
1 1
789 109
6 5
755 114
18 8
63 21
1 1
1943 115
42 12
1283 112
97 30
4 4
5 4
37 15
356 49
17 7
1104 77
147 35
1 1
684 120
295 57
25 15
164 37
2487 179
21 10
151 47
4 4
2505 202
30 13
90 23
8 6
1292 133
1354 171
94 20
3 3
1 1
52 25
62 24
141 38
340 53
932 112
1 1
451 66
16 12
2 2
10 6
48 18
18 12
8 4
1 1
2442 170
3 3
2 2
58 18
62 27
136 36
121 36
2 2
297 75
796 83
6 6
266 54
549 70
1 1
239 46
9 7
974 143
76 34
240 55
57 17
71 15
3 2
7 5
87 22
130 44
524 83
15 8
11 6
4 4
194 39
540 83
2 2
572 94
121 28
434 77
106 24
212 46
11 7
60 22
558 67
66 17
4 3
5 4
6 4
91 21
14 9
53 19
21 12
668 80
2057 130
1 1
11 8
35 11
67 21
44 14
404 88
21 7
1607 134
3 2
17 8
29 12
350 72
4 3
1 1
285 64
160 45
1 1
2 2
4295 253
4 3
613 60
179 31
749 103
3 3
842 74
782 126
5 4
58 16
25 15
10 5
139 32
1 1
46 16
5 5
6 4
1165 130
11 6
10 6
11 6
1095 83
189 35
347 65
279 51
221 32
1 1
66 19
3 3
2 2
108 31
92 31
45 19
233 78
300 45
66 17
92 25
88 22
1 1
1 1
1 1
121 36
152 31
12 8
316 71
136 40
406 53
2 2
1031 114
371 94
4586 198
923 85
345 64
386 78
141 41
82 27
9 5
1 1
2570 192
2 2
1 1
218 46
148 26
2 2
87 26
46 20
139 27
17 10
1872 151
17 12
2 2
2 2
11 10
74 18
36 14
6 4
423 58
7 6
1 1
3154 200
416 78
53 24
21 10
59 16
47 20
1 1
4 4
5 3
11 8
13 7
1 1
154 45
15 10
1 1
166 51
128 35
85 22
11 8
652 108
70 24
88 41
21 11
1 1
9 5
6 4
77 22
3 3
15 10
10156 391
101 26
247 81
139 39
632 81
68 26
26 15
62 20
1118 71
5557 249
2 2
53 18
18 13
15 6
1 1
33 17
18 10
3 3
4 3
2 2
3 3
1 1
1 1
23 12
7 4
3 3
35 14
1569 180
2063 151
375 90
194 68
8 5
1 1
132 41
3 3
17 9
1 1
1546 144
1 1
13 6
7 6
58 25
164 33
15 11
92 27
235 43
15 6
3654 223
70 25
123 37
487 56
31 12
4 3
4 4
24 8
75 27
15 6
1164 135
35 14
88 32
2 2
297 56
50 14
1 1
2 2
10 6
2 2
751 79
117 32
1252 146
1 1
1003 84
731 105
3 3
11 8
40 17
20 11
1 1
209 39
2 2
552 63
6 4
42 15
18 11
1 1
100 37
744 117
2923 174
16 7
21 11
11 7
5 4
4678 355
119 32
725 90
625 72
317 55
702 118
75 21
66 29
18 10
15 14
6 3
370 68
291 51
1303 104
509 90
1 1
24 8
35 18
3 3
12 6
1 1
3 3
1 1
7 4
447 66
2550 125
4 3
117 38
838 82
20 12
2 2
7 4
126 35
2857 214
3 3
15 8
54 19
101 33
80 34
1172 98
3 3
23 10
192 35
3 3
32 12
12 8
62 22
8 5
1 1
35 14
801 136
2144 196
309 47
453 78
111 34
61 25
808 80
166 40
1 1
759 80
115 39
20 11
327 45
1695 241
43 23
972 95
1 1
2 2
9 5
11 8
89 21
16 11
1 1
2653 147
23 15
212 42
120 24
38 12
3781 217
8 4
208 47
4 3
3 3
1 1
10177 358
262 52
87 21
2 2
481 83
2314 151
6 4
12 4
2 2
1 1
14 9
2 2
243 57
98 26
18 8
10 5
2 2
83 27
1 1
294 66
328 59
1 1
7 4
6 5
157 39
2 2
1 1
570 68
1 1
1071 148
5 4
2 2
1523 162
3 2
1 1
64 23
3015 289
24 11
104 20
1 1
43 18
1111 109
190 28
4 4
4 2
13 8
1 1
3 3
1 1
1 1
5 5
4 4
16 10
234 60
5181 375
7 6
50 15
364 78
5 5
4 4
16 9
1 1
8 6
2 2
2 2
2 2
4 4
1 1
811 61
39 14
115 30
1047 179
10 4
11 7
4 3
2 2
3 2
104 25
8 4
7 5
15 7
4 4
156 35
1 1
731 102
491 79
196 41
6557 252
7 5
32 18
103 25
928 84
225 40
19 11
67 23
21 13
14 7
822 125
18 9
27 11
1487 119
8 5
145 26
150 46
3 3
16 10
13 6
7 6
336 71
2 2
16 8
3 3
187 40
3 3
1 1
2 2
4 2
4 4
3 3
2841 242
14 5
20 14
12 8
1355 114
3 2
8 8
1 1
97 36
12 6
23 10
24 10
36 13
1 1
70 25
1 1
4 4
116 47
7 5
20 10
5 5
1 1
26 11
99 22
6 4
1065 186
18 7
62 22
325 68
4780 205
33 10
17 9
22 9
116 34
16 11
11 7
9 6
1 1
126 36
7 6
30 13
14 14
10 7
1 1
220 35
5963 222
1 1
375 41
8 5
23 7
5 4
3 3
625 96
185 45
12 5
20 10
131 30
2 2
40 18
1 1
554 48
3 3
1 1
254 33
3 3
1242 143
1 1
1 1
120 27
3104 225
8 7
53 19
5 4
1 1
1 1
37 21
304 62
3 2
9 4
2 2
32 13
3 3
474 84
240 54
9 8
8 6
10 6
19 13
10 5
120 35
35 11
133 24
10 5
46 24
148 49
41 12
595 82
3249 220
2376 148
1 1
446 72
32 11
1360 163
7 5
49 12
1 1
5 4
1 1
2755 139
9 6
156 43
4 3
3 3
14 8
424 62
317 65
657 105
1 1
845 124
107 18
1403 209
383 77
77 22
1 1
720 92
2048 233
623 114
282 67
1442 155
374 87
369 40
20 11
1 1
664 121
2 2
2 2
1 1
1257 130
68 21
431 56
53 15
316 58
18 10
113 37
7 5
28 16
33 12
6 4
17 10
7 7
6 5
4 4
1 1
4 4
191 34
2 2
2407 165
5 4
3 3
43 16
6 5
1 1
1818 153
55 19
1 1
2 2
77 17
25 19
9822 290
2384 247
256 60
1 1
6 4
21 10
23 7
131 24
1 1
193 39
42 13
30 10
337 64
21 9
4 3
2 2
79 28
576 66
3 2
57 19
2 2
113 30
15 6
1343 157
9 4
1 1
12 6
1 1
1 1
11 7
935 158
7 5
1106 99
1 1
4 3
42 16
17 7
1 1
19 7
237 49
514 100
134 37
5 4
168 44
4 3
315 53
95 35
1085 112
671 86
1494 125
287 80
43 14
37 10
27 13
1 1
1 1
1 1
165 42
1 1
9 7
1569 122
133 43
13 9
20 8
1398 141
2 2
4 3
294 71
5 4
15 9
23 9
1726 213
7 3
101 26
1 1
844 168
4 3
66 32
1595 144
9 5
66 24
13 9
1 1
994 146
1108 171
130 34
5 4
102 25
444 81
32 14
38 14
320 65
3 3
1 1
160 44
2 2
143 24
1618 212
41 22
1 1
14 10
183 50
41 19
1 1
7 4
152 50
824 113
197 41
52 25
1050 135
2 2
607 106
3 3
1 1
746 98
649 102
5 3
1518 251
136 32
2 2
17 9
398 71
1 1
1 1
47 19
15 11
13 8
228 47
3 3
12 7
15 8
142 31
145 32
4 3
5555 474
1 1
5125 270
402 50
15 9
84 23
401 49
153 26
18 8
1 1
241 49
1 1
3073 279
4119 213
1 1
4 4
102 21
1 1
1450 112
5 4
101 46
8 5
13 6
24 10
2 2
5 5
537 63
7 5
1 1
2 2
1 1
275 75
2 2
12 9
1519 205
