2 2
53 22
1 1
4 4
1 1
1 1
5 3
144 37
6 5
7 5
111 44
511 51
1 1
29 12
30 14
295 56
1 1
8 6
29 10
24 17
1 1
27 13
4 3
1637 175
84 33
123 22
9 5
12 5
14 10
171 34
13 8
123 38
5 3
1 1
1 1
6 4
10 7
2 2
18 11
585 87
35 19
1027 105
1 1
1 1
100 30
5 4
12 6
37 13
1229 111
1 1
7 5
13 7
4 3
120 39
1 1
19 10
5 4
5 4
7 6
3 3
1 1
12 7
4 2
49 12
2 2
15 9
2 2
50 14
9 5
1 1
526 97
37 19
640 79
4 4
1287 138
1 1
2661 191
7 5
161 33
203 54
278 60
221 46
75 28
2 2
42 14
15 8
1 1
10 8
263 44
969 128
1 1
1 1
1 1
1 1
1 1
3162 201
436 96
1 1
56 22
26 10
14 8
24 10
46 16
7 6
174 35
913 106
109 36
3 2
4 3
4 3
3109 257
1 1
2 2
119 35
14 10
2 2
15 9
508 92
5 4
3 3
1 1
30 17
560 105
128 29
1 1
5 4
1002 131
66 26
2207 175
359 62
2 2
19 10
2 2
68 17
1 1
1 1
1960 171
36 19
3 3
2 2
17 8
82 30
206 49
2322 191
2 2
2 2
32 18
2469 225
91 30
1 1
12 6
2 2
124 36
1 1
8 4
402 77
1 1
247 65
7 5
1 1
254 53
59 28
2 2
15 8
2968 140
1 1
367 61
2 2
263 59
2 2
115 33
6 5
442 63
4 3
151 49
247 60
1688 204
2 2
14 10
126 41
4 4
1 1
19 10
1817 138
2 2
2 2
87 26
59 14
124 48
16 10
11 5
11 7
1 1
6 3
13 6
1 1
1 1
43 22
345 90
1 1
14 6
7 3
7 5
3199 184
1 1
5 5
16 9
1 1
216 42
4 3
6 5
3 3
3 2
1878 184
1 1
627 89
1290 113
122 33
1 1
2 2
2 2
6 5
26 10
5 3
224 45
45 17
22 11
87 29
739 117
2465 219
8 7
13 9
1365 125
2 2
33 16
34 14
20 10
3 3
15 10
3428 169
1697 129
22 7
96 32
120 26
21 12
3 2
168 41
1465 131
36 12
28 13
1 1
267 74
1 1
3 3
72 24
7 5
3 3
2 2
235 40
10 7
5365 265
34 11
23 13
16 7
1 1
6051 330
4 4
988 216
1 1
234 44
22 8
503 48
11 9
5 3
17 14
23 10
66 25
290 48
3 3
1 1
2 2
37 19
652 113
21 10
4 3
47 16
2 2
6577 214
25 10
46 16
696 136
1515 197
5331 450
11 5
538 69
1 1
210 42
34 12
649 64
129 40
514 104
1 1
24 11
434 106
53 19
41 17
75 20
10 6
1191 162
151 45
8 5
86 37
11 7
4 3
34 15
276 56
1 1
3047 178
23 10
23 10
1 1
11 10
4 4
5 4
57 13
216 51
15 7
6 4
2 2
1 1
544 103
198 49
7 5
305 57
376 72
148 30
3 3
31 10
69 18
2 2
34 9
11 9
14 11
952 119
1 1
162 42
12 8
1 1
408 42
1 1
17 7
16 7
86 27
2 2
11 7
22 11
2 2
3 3
26 18
3 2
560 68
150 42
612 82
39 13
2327 105
1 1
7 4
49 24
2 2
29 14
1 1
1468 207
7 4
10 6
40 16
4 3
15 8
1 1
150 44
41 19
2 2
1 1
1 1
14 7
73 37
805 121
4061 338
3 3
1 1
41 14
176 32
257 44
2 2
1 1
31 14
770 148
3 3
1 1
1505 241
544 74
1377 217
5 3
506 120
1 1
88 17
537 67
2 2
121 34
4 3
20 11
123 41
1 1
3 3
13 9
23 12
60 26
1 1
2 2
3 3
297 60
158 32
250 41
447 65
1150 88
1 1
19 9
3492 331
1 1
96 24
748 149
71 21
230 33
65 31
388 67
217 50
1357 160
96 32
3871 213
12 7
25 7
18 12
51 17
2 2
1262 192
130 34
2 2
673 80
397 55
12 5
37 17
1 1
1 1
775 112
2119 133
1 1
2 2
3 3
1130 118
1 1
37 18
6 3
95 26
856 137
18 11
19 8
6 3
6 5
2 2
24 11
4 3
11 8
103 32
501 85
1 1
276 59
176 36
1943 187
6 4
356 38
156 37
95 27
1 1
12 10
181 43
1 1
337 72
280 50
132 34
41 14
2 2
32 16
61 19
906 131
1687 181
530 70
293 67
17 6
27 14
1215 102
29 14
1922 201
13 9
319 59
439 55
191 37
26 14
2 2
4 3
573 91
155 32
354 85
1127 126
40 14
21 12
5 3
120 29
2 2
6 5
841 126
4 4
16 10
5619 271
24 14
2 2
18 9
235 59
643 97
8 3
12 7
1 1
609 103
162 30
40 17
5613 325
3 3
65 18
113 37
13 5
2 2
6 6
1148 127
1250 151
30 13
8 4
1 1
3 3
15 6
19 12
4 3
2381 201
1694 134
3 2
157 42
227 41
14 9
17 10
229 47
1725 149
619 69
2 2
14 5
54 17
24 8
57 17
4 4
10 6
2 2
1 1
11 5
681 73
8 6
17 9
3 2
1707 150
2 2
1217 133
6 5
2 2
3708 256
1 1
2 2
11 6
40 13
1914 179
10 6
8 4
766 102
3 3
2 2
3 2
41 10
28 11
34 12
6 4
72 21
50 17
1 1
1186 149
1 1
128 23
2 2
2 2
1 1
2 2
1 1
1587 195
1 1
1201 163
7 4
5 4
515 64
86 25
3 2
27 15
11 7
573 99
187 60
4429 317
682 60
9 6
1 1
997 172
1 1
1 1
1224 130
2 2
344 50
808 90
69 23
4 3
3 3
53 22
8 7
11 4
7 6
49 22
725 70
350 42
517 75
60 17
738 98
1069 113
2503 209
115 37
1237 153
328 57
1982 195
19 12
2223 177
34 13
1 1
35 18
64 23
7 4
124 30
3834 309
521 73
7 5
347 77
942 175
21 10
199 38
2 2
5 3
14 6
29 16
4 4
31 14
10 6
66 19
1884 171
2 2
2 2
654 76
33 12
8 5
2100 230
45 13
225 37
2 2
6 4
24 10
114 15
43 15
42 11
2 2
65 17
89 27
1136 214
1 1
520 73
12 8
4 3
32 15
141 35
27 14
215 31
13 7
1452 154
3 2
453 87
59 18
2 2
1 1
33 15
3 3
512 64
7 3
52 23
216 30
28 14
476 63
1157 147
14 7
4 3
2 2
1153 113
77 22
8 5
2325 207
90 31
1 1
3 3
57 26
910 76
213 40
11 7
16 5
1060 170
7 3
1395 172
2742 220
10 6
2 2
3 3
5 4
40 13
4 3
1810 155
2 2
5 4
3 2
2 2
260 39
180 50
801 106
2 2
32 13
1 1
1 1
3 3
3 2
3 3
13 6
459 63
698 86
49 17
599 105
18 13
1 1
1 1
4 4
7 6
3 2
3 3
116 41
640 77
6 4
2 2
3 3
767 104
1 1
2 2
116 38
15 9
860 127
8 5
1 1
102 38
1505 249
610 68
30 14
1 1
1803 259
288 46
13 5
3 3
1 1
5 3
32 15
519 94
4396 194
14 8
35 16
4 3
141 33
1 1
60 23
1719 151
1 1
9 4
216 47
910 131
1 1
76 34
1 1
82 27
18 6
2 2
627 80
305 50
187 71
6 6
40 22
68 24
53 16
38 15
21 8
3 3
598 75
9 7
5 3
588 64
46 20
85 26
89 30
105 31
540 76
20 8
5 5
12 8
291 62
13 8
158 47
536 66
1632 124
4371 263
123 26
1 1
2 2
36 17
144 40
1 1
766 85
6 4
48 25
1 1
1848 100
2 2
12 7
1 1
194 44
5 3
9 7
230 51
14 8
1 1
1602 130
2 2
60 19
10 6
287 57
21 10
59 22
55 16
113 36
32 17
7 5
1 1
11 7
10 9
3 3
2 2
206 53
126 34
803 130
19 10
1 1
11976 394
5 5
64 21
414 90
125 27
335 46
598 84
179 31
32 8
803 74
40 13
3 3
23 10
59 27
1 1
1 1
6 4
14 8
4 3
3 2
4 3
22 9
2 2
3571 251
155 33
3510 195
22 9
623 76
7 5
13 10
5 3
103 32
1417 143
61 24
54 22
573 77
88 14
1283 112
13 7
35 15
14 6
2614 215
7 7
189 44
1 1
4 4
4 4
42 16
14 9
593 93
1 1
21 11
716 95
12 5
1 1
1 1
28 11
415 56
3 3
18 12
6 4
1629 155
2136 234
3 3
1246 154
1514 229
8 3
65 19
7 4
240 35
92 33
398 63
62 17
6 4
183 40
1444 149
1197 92
9 7
2538 269
1577 180
1605 105
172 31
10 5
182 47
4 4
10 8
16 7
110 41
82 22
1377 163
95 21
190 54
1 1
5 4
878 134
18 9
7 4
755 111
13 10
2 2
11 6
14 5
2 2
8 7
49 20
9 6
5 5
1 1
41 23
629 70
1 1
42 10
28 14
84 26
52 18
1 1
1 1
27 11
18 7
1380 119
2 2
146 41
14 10
24 11
5 4
232 32
78 31
1 1
464 70
1028 108
2 2
139 45
1236 119
44 23
59 18
3 3
4 3
264 41
1 1
6129 289
1 1
11 7
28 14
50 21
5 5
2 2
356 63
617 122
7 4
1 1
1 1
227 47
964 99
49 11
55 24
42 16
11 6
430 68
396 54
10 5
2 2
36 17
4 3
6 4
1963 177
241 52
1088 126
175 33
159 25
307 45
5 3
14 7
20 10
64 14
106 34
695 94
1 1
89 24
537 70
1083 176
1 1
11 6
324 50
150 31
1 1
253 61
53 23
122 25
27 15
2816 173
25 14
17 11
1581 173
1 1
2 2
2980 140
1 1
705 82
202 34
1 1
171 42
202 50
4 4
1 1
10 9
2 2
110 27
7 7
3 3
2 2
21 10
11 5
280 79
5 4
109 26
1 1
4 4
6868 287
699 119
408 74
9 7
1 1
46 18
2 2
2 2
3 2
7 4
1 1
5 5
2820 171
1 1
5 4
234 43
17 7
1202 184
5 4
1280 174
125 43
36 13
554 68
227 69
951 130
9 6
17 8
7 5
17 10
1567 215
1 1
310 56
5 4
2697 226
1276 141
3 2
1 1
38 17
14 7
8 5
1 1
1 1
19 8
60 20
1 1
163 29
32 13
69 18
3 3
2 2
476 76
122 21
5 3
462 82
15 9
2 2
2 2
2 2
6 3
1 1
12 7
808 130
259 54
6 4
508 74
5 3
928 115
710 119
76 24
473 59
2229 259
4 4
21 10
25 11
22 10
1 1
737 81
1199 169
10 6
70 21
483 67
1 1
204 59
183 45
1 1
2 2
22 10
13 12
5090 243
634 100
119 26
62 20
12 5
2 2
2 2
133 31
57 21
114 34
1 1
405 71
877 113
10 7
40 20
778 92
2435 127
847 134
151 37
9 6
1 1
180 36
32 8
7 6
156 32
10 5
3 3
3442 171
1464 153
47 18
57 18
190 28
3153 235
1 1
1 1
7 6
232 49
573 107
90 26
1 1
1 1
16 10
69 24
14 9
8 4
13 8
7 6
2 2
27 12
1225 107
1393 143
1 1
45 19
276 67
2 2
575 73
1526 209
178 36
15 10
603 99
823 103
2 2
5 3
1 1
368 70
1 1
207 45
544 89
980 111
6 4
15 7
2 2
97 29
1 1
476 97
38 12
94 33
5 4
1 1
28 15
2 2
38 16
7 5
126 48
1 1
477 93
7 4
20 12
3 3
6 4
1 1
23 18
196 62
33 13
12 4
324 82
2 2
37 17
2334 144
2 2
1 1
68 18
2 2
270 54
1 1
15 10
33 16
50 19
1 1
23 11
4459 272
70 18
4 3
90 32
615 67
1405 168
23 9
7 5
1739 154
117 26
125 36
3 3
53 18
5 5
1 1
8 5
2915 225
1 1
865 130
14 6
944 155
2 2
1 1
3421 230
1145 157
499 73
9 3
1 1
31 13
495 75
81 31
320 84
462 85
178 36
291 57
6 4
2088 223
25 9
443 59
2 2
18 13
37 19
365 64
5 5
1279 137
16 7
458 57
4 4
73 23
29 14
4 3
13 5
43 20
11 7
1747 224
2 2
2385 213
2 2
230 40
8 5
76 22
2 2
284 69
1 1
79 29
63 26
1404 196
33 20
8 5
2 2
2774 110
5 5
26 9
3 3
2 2
231 53
3 3
306 41
14 9
5 3
141 28
147 43
2 2
597 129
63 17
154 34
2433 194
1551 101
270 77
12 7
3 3
251 48
27 10
2163 202
16 8
4 3
1 1
1 1
62 22
6 5
12 8
100 36
64 18
2 2
83 22
168 51
909 118
3 3
1 1
3823 209
197 43
1 1
139 34
25 9
28 10
66 23
148 34
7 5
2 2
2 2
37 12
2 2
973 113
30 12
378 75
780 171
1 1
382 51
6 5
11 5
1 1
1367 242
2 2
1 1
14 7
99 21
446 66
467 66
7 5
2 2
1266 211
457 59
9 7
205 51
25 7
104 44
68 24
632 104
9 8
126 31
50 19
252 45
17 7
378 60
1064 162
28 10
1 1
10 7
37 19
23 9
1 1
2 2
35 21
12 5
15 7
253 46
5832 206
52 16
1 1
3 3
15 7
5 4
11 6
114 33
223 52
143 32
1 1
1 1
50 14
3 3
1 1
10 6
14 9
1085 121
42 16
1 1
135 38
3 3
32 12
38 17
22 14
7 5
19 10
262 40
11 8
2669 140
5 5
5 5
51 27
206 38
1 1
1 1
2 2
13 8
49 16
1297 115
945 157
186 52
19 12
243 33
2 2
1717 155
1 1
123 35
36 12
1 1
29 16
16 7
1 1
2 2
708 91
7 5
249 55
37 15
1 1
2 2
11 8
4961 258
14 7
423 50
6 5
8 6
76 17
34 15
3 2
2 2
7019 200
1 1
14 10
2 2
1 1
556 94
757 127
10 8
74 23
8 6
491 76
4 4
163 29
43 16
9 8
8 4
5395 270
1 1
56 20
1 1
188 40
119 35
35 18
186 46
674 106
1 1
578 73
50 23
124 38
19 14
590 88
93 21
241 59
22 8
1 1
6 4
721 141
145 42
213 55
19 11
663 114
697 109
189 41
536 79
323 53
1085 140
2 2
984 132
1 1
399 92
308 56
15 7
78 31
381 57
3 3
1 1
28 8
6 6
160 48
73 20
17 7
21 8
1873 249
2 2
75 33
7 5
8 6
70 30
34 10
233 33
11 5
1 1
3 3
63 21
6 3
3055 223
128 40
1439 135
2705 156
771 98
10 7
50 14
17 7
1 1
1 1
1 1
5 4
48 18
155 19
72 18
10 7
27 11
517 92
14 7
4 3
11 6
31 10
1 1
1 1
338 60
1338 175
257 67
155 32
1 1
2 2
16 10
205 48
2881 183
1929 184
20 9
1 1
11 8
1 1
26 12
4 3
6 3
1 1
919 111
10 6
4 4
92 26
69 19
41 19
116 26
72 19
280 74
34 18
1 1
2112 250
8 5
422 77
59 20
16 10
8 5
1059 170
2 2
14 8
8 8
4 4
17 6
18 13
1 1
11439 351
167 32
14 6
5 4
206 44
2 2
16 8
26 14
61 21
211 45
2 2
323 78
8 5
2 2
512 81
84 24
1334 118
514 79
80 23
25 8
161 44
1137 88
16 6
1 1
21 10
6 5
108 26
1479 125
1382 114
324 53
540 96
492 102
7 4
122 32
7 6
9 5
4 3
134 29
196 40
3 2
13 8
54 15
1 1
1 1
210 46
2 2
7 4
516 87
20 13
3 2
51 17
16 11
3 3
121 23
1440 145
1 1
10 6
17 7
5 4
122 39
1 1
262 36
120 26
18 10
1 1
51 18
6 5
201 40
12 7
935 109
3 3
12 7
11 7
1 1
6 4
40 18
3 3
9 6
3 3
63 19
162 36
929 112
29 10
4 2
1897 184
2 2
4089 328
27 10
2771 179
194 39
27 15
2 2
5 3
9 6
936 95
19 8
50 19
1 1
2348 175
70 16
15 10
280 49
630 68
3 2
2 2
2 2
172 39
32 14
37 14
123 32
10 4
12 8
214 47
27 11
145 41
1 1
123 34
179 33
4835 419
5922 269
289 87
133 28
48 11
292 51
2529 228
886 107
63 29
2 2
61 25
3 2
4 4
88 41
173 41
35 11
1 1
108 28
1 1
10 7
7 5
4 3
99 24
25 12
37 16
157 34
5 5
54 17
629 101
993 145
1 1
11 6
2 2
640 115
149 36
668 135
29 14
17 7
280 41
71 17
1 1
65 24
1001 76
746 77
9 5
5 3
23 9
45 13
2 2
75 35
226 52
194 46
2 2
856 68
17 9
432 57
991 95
16 8
580 89
2 2
373 63
49 19
1 1
3965 396
78 22
1705 295
2 2
2 2
2 2
98 32
5 5
186 38
227 50
7 5
377 57
28 10
1521 170
2 2
1662 162
1 1
160 40
493 60
400 100
4 4
10 7
5 3
1 1
9 6
9 4
717 121
12 4
3 3
21 9
3089 208
1 1
12 7
416 55
300 50
1 1
109 30
5814 456
55 14
7 4
22 7
378 47
18 8
534 64
18 12
28 11
5 5
133 26
507 75
7 5
2 2
1 1
15 8
2 2
44 14
4 4
10 8
1 1
2650 188
975 145
1 1
1 1
15 10
45 23
8 5
2 2
29 16
10 7
38 15
50 13
1158 111
432 56
87 33
1 1
45 18
14 7
5 4
1240 121
1 1
1 1
71 29
114 38
1 1
1 1
30 13
3630 215
21 8
3 3
81 18
13 9
47 27
90 20
3 2
15 7
934 78
189 40
5 4
6 5
1215 176
1 1
13 8
25 9
54 20
337 36
14 9
1 1
60 22
4 4
60 19
3 3
30 10
1 1
2 2
11 6
277 43
955 93
2 2
8 6
5 4
2346 253
2 2
10 8
1 1
1 1
5 4
28 11
1 1
6 5
164 40
546 78
119 29
22 10
2 2
3 2
14 7
2159 191
9 7
207 75
4 4
39 20
28 14
1647 134
1 1
392 55
1 1
217 61
1 1
4263 184
342 44
1 1
342 76
7 7
1 1
288 43
2 2
109 30
3 2
75 22
1345 110
1512 106
5 5
213 48
2 2
1 1
370 58
3 2
67 24
118 33
642 102
1 1
6962 251
1460 174
374 64
27 10
15 6
13 8
306 46
1172 124
609 82
16 7
352 47
5 4
33 19
2 2
1526 130
100 30
6 4
7 6
1 1
2498 227
24 13
4 2
5 5
116 29
2 2
531 76
269 61
1 1
1 1
7 5
6 4
1637 148
24 10
4 4
256 52
78 17
433 55
1170 103
29 15
128 32
8 6
33 15
278 49
1 1
51 24
15 9
13 9
119 38
4 3
1 1
153 51
28 12
2025 159
520 86
904 97
39 13
796 77
875 65
1 1
471 68
127 32
9 7
1 1
1437 161
1201 135
65 20
3 2
1411 114
1635 129
168 29
1 1
832 92
32 14
173 40
2073 272
1 1
96 44
587 109
91 34
5 4
1 1
8 3
1 1
42 19
765 84
6 4
714 92
1 1
1 1
18 8
7 4
3 3
295 76
130 44
1 1
2 2
41 11
8 4
22 9
471 103
1 1
417 63
56 25
13 9
323 69
5 5
80 26
27 13
114 27
441 6