1 1
394 70
61 19
3 2
21 12
2 2
65 17
236 58
2 2
1 1
114 29
1 1
1 1
203 67
2 2
1 1
2 2
7 5
355 60
68 26
1 1
34 16
57 22
307 39
1 1
18 9
5 3
763 101
4 4
12 10
2 2
3 3
16 9
86 26
1 1
213 39
415 51
3 2
27 14
36 18
1 1
2 2
7 3
1 1
1334 119
11 6
1 1
1 1
4790 247
68 26
1440 165
54 17
1 1
5 5
6 3
9 5
763 106
8 5
1 1
45 17
2 2
1 1
1 1
1 1
5 4
4 2
98 45
27 10
1145 81
1 1
1 1
13 6
1 1
21 11
7618 365
2883 203
7 4
48 18
112 33
104 23
5 4
1 1
1 1
5 4
2 2
57 25
1 1
173 35
45 17
58 23
798 101
74 19
2 2
217 40
10 6
43 17
32 12
1 1
1 1
2 2
160 41
659 120
5 5
4 3
21 11
5 4
72 14
34 11
51 21
73 27
24 13
4 3
3 3
1354 118
7 4
101 22
733 80
20 14
135 28
8 6
46 13
1789 105
4 4
260 49
1683 139
7 4
5 5
3624 248
1 1
2288 157
1 1
78 33
1091 144
5 4
49 16
71 26
902 130
4 3
2 2
17 8
121 36
174 40
76 24
4 4
266 51
7 5
241 51
7 5
207 42
4 4
525 73
17 10
6 4
1 1
264 43
1854 198
1 1
445 80
56 15
1 1
284 66
2 2
8 6
14 7
1 1
5 3
683 62
5 3
141 26
582 148
118 32
34 11
43 15
3 2
2272 173
825 71
401 75
1 1
13 7
82 24
2233 154
1 1
184 38
788 114
191 52
568 79
99 27
1 1
1 1
4 3
3 3
9 7
39 21
77 17
133 37
2 2
116 43
27 9
11 7
29 10
193 43
2 2
22 9
15 8
2878 176
1393 154
24 13
10 8
5 4
16 8
1 1
5 4
16 14
1 1
265 34
1 1
3 2
3676 231
28 10
33 10
134 27
3 3
5 4
19 8
2 2
778 96
4306 237
66 18
150 29
169 50
499 78
68 23
44 13
3 2
135 32
308 54
6 5
24 17
2 2
2561 168
1 1
14 6
4 3
103 21
4816 345
6 5
27 10
199 41
107 33
2 2
1688 204
1619 157
17 9
2 2
13 7
5 3
2 2
61 22
3 3
1658 94
7 4
1 1
10 8
15 9
1425 129
27 13
29 13
2 2
6 4
264 31
13 9
1234 135
8 7
1064 76
3 2
12 7
35 14
3 2
27 14
1 1
2363 178
5 3
82 32
3 3
3 3
201 33
1055 123
6 3
24 10
1 1
1 1
1 1
293 51
547 86
774 104
68 30
156 34
1 1
196 61
1 1
1 1
239 56
7 4
311 74
92 25
161 33
1 1
433 68
96 19
2 2
12 6
3935 238
12 9
3239 206
6 4
534 57
3 2
1 1
1 1
3 3
26 9
14 8
23 12
14 11
9 6
10 7
2 2
904 138
1258 197
417 97
15 9
126 24
1 1
70 21
91 35
708 81
4 4
362 54
80 32
37 18
50 15
356 52
1 1
2 2
13 10
155 51
12 8
1 1
3367 166
917 82
801 110
691 117
215 43
7 4
532 64
7 5
5 5
105 39
1 1
2 2
5 4
3263 322
1209 122
3 2
476 71
4004 493
100 36
1233 86
2 2
1 1
57 22
15 6
32 12
1 1
24 10
21 15
34 19
2 2
3 3
453 89
1 1
1367 120
1032 98
1 1
1 1
2 2
10 5
2 2
1 1
816 89
2 2
2280 133
10 6
64 17
1 1
1 1
1 1
4 4
131 44
76 27
7 5
59 15
378 78
37 17
2 2
15 8
2 2
16 8
3 2
1 1
645 87
2 2
246 47
232 56
218 45
27 11
198 68
38 16
2 2
3518 319
3 3
6 5
145 27
263 45
1049 92
797 109
575 78
279 57
2 2
126 32
396 97
351 48
11 6
15 13
297 68
5 3
95 29
892 86
117 29
276 43
250 45
1 1
4 3
25 15
44 22
2998 194
7 5
4 4
116 25
2 2
1438 176
86 28
25 8
7 5
9 5
879 134
58 20
3 2
1 1
6 5
1907 162
1 1
4 3
1779 178
555 71
480 82
131 37
2 2
4643 303
5 5
188 53
71 23
31 11
20 10
29 9
2 2
8 6
231 47
527 67
5 5
61 20
421 82
1344 169
248 49
239 30
50 22
45 16
10 6
2 2
254 50
3801 261
117 29
1 1
1 1
41 19
55 19
2 2
926 86
2 2
2 2
2292 181
236 37
719 97
23 11
86 26
951 160
38 14
16 6
53 12
63 24
283 64
641 101
3 2
493 87
1 1
87 16
2 2
128 37
34 13
241 36
1 1
4 3
30 15
11 5
4 4
79 31
6129 336
19 11
5 3
1 1
65 22
1 1
315 83
1 1
28 15
3970 262
393 86
7 6
43 18
6 4
147 35
32 13
34 14
654 115
4 4
88 20
126 26
3 2
446 60
1 1
36 14
44 15
23 9
741 121
6 4
60 21
2 2
115 21
64 19
1 1
2 2
2 2
1 1
127 32
6 4
1453 133
66 21
5 3
7 4
3 2
3110 213
467 79
14 10
208 37
4 3
4 3
321 46
139 31
2 2
6 4
3 3
50 23
194 48
1 1
133 38
10 7
1467 219
59 24
859 163
2 2
4 3
1 1
15 9
1796 177
2380 159
1 1
6 5
43 21
107 34
55 14
2 2
337 72
228 74
347 57
17 9
10 6
1502 151
5 3
3815 220
15 8
1473 138
112 27
8 4
239 56
8 5
1 1
1 1
4062 247
4 4
1 1
2 2
23 11
1 1
44 15
232 46
36 17
75 21
800 123
449 69
45 21
183 54
1279 187
55 17
20 9
8 4
1 1
837 118
4 4
4 3
3811 208
3 2
2 2
5 5
216 40
3 3
1 1
124 29
1 1
50 20
1 1
7 4
71 27
3 3
3 3
14 8
478 65
1707 121
14 10
97 35
7 5
100 22
3421 148
2 2
1358 202
1 1
3 3
8 5
3 3
3 2
1 1
433 64
2 2
6 4
408 55
86 38
157 41
2 2
6 4
211 39
12 4
188 67
3 2
113 25
691 103
96 38
1511 217
5 3
6 4
123 44
1278 242
1395 122
5 3
13 10
92 31
1 1
441 80
2 2
1 1
23 9
130 34
12 5
2 2
79 24
156 25
53 19
107 31
628 61
3 3
2639 217
16 6
1917 206
1 1
1 1
8 6
9 4
9 5
3271 229
111 28
7 5
9 7
1 1
300 52
13 8
2 2
6 4
2 2
14 8
621 112
10 5
150 36
17 7
1549 146
6 4
38 12
93 16
1632 147
24 14
7 3
3 3
14 11
1201 142
1 1
7 4
3 3
9 6
66 24
22 10
39 15
5 4
670 103
39 15
81 23
3796 384
3 3
1074 125
106 26
1 1
15 8
17 9
108 31
439 66
1719 157
9420 398
288 37
37 13
1008 81
4 4
44 17
107 31
62 17
5 3
1 1
306 70
1 1
41 12
1 1
1 1
2 2
1 1
14 8
111 30
45 18
203 49
32 20
76 25
2752 247
2 2
84 19
43 11
2348 241
9 5
1 1
1 1
4 4
10 5
198 39
1 1
2 2
2 2
6 5
74 19
2 2
10 4
31 13
11 8
1 1
131 26
98 35
5 5
26 10
1 1
79 18
1529 170
1514 183
113 25
1 1
39 18
34 12
44 11
401 97
3 3
6 5
7 4
35 17
54 13
42 19
5 5
15 8
2 2
10 5
317 52
236 50
217 42
1 1
4491 315
59 23
2 2
1255 155
1881 189
3 3
4 3
4 3
1 1
1 1
11 6
12 8
3 3
211 38
3 3
2 2
754 104
7 4
8 7
329 61
12 11
246 44
1 1
3 2
1555 246
2 2
2 2
42 22
1 1
2 2
2261 145
6 4
377 70
147 28
1 1
11 7
99 21
435 78
29 15
6 4
2293 162
1782 170
614 82
11 6
56 20
1 1
1 1
20 10
17 9
78 22
1 1
18 14
2 2
39 25
1 1
241 49
106 32
57 21
55 19
298 49
928 112
2 2
3 2
80 22
5 3
2 2
104 24
51 21
23 13
67 18
1067 124
832 163
1 1
504 47
134 43
389 72
582 64
2 2
35 13
255 38
328 70
5744 221
1 1
2 2
7727 266
7 4
186 38
1 1
14 9
8 4
2 2
1 1
35 17
274 49
8 4
1 1
39 20
3 3
77 19
1 1
5 3
24 11
185 41
7 6
4 3
91 38
157 50
43 15
60 22
48 17
5242 249
8 7
1266 130
37 14
224 44
8 6
1 1
2 2
1 1
1 1
579 136
1017 141
18 9
2 2
71 17
987 73
213 54
12 8
60 23
304 87
65 18
4 3
67 18
169 41
84 28
74 19
1 1
2627 195
219 40
5 4
90 25
1095 137
1 1
1658 142
3 2
2 2
11 7
5 5
28 17
1 1
6 5
22 9
1 1
269 72
1 1
2 2
26 9
3 2
118 38
6 4
1818 169
1864 137
44 14
2532 169
227 48
29 17
9 4
7 5
122 23
2 2
1 1
160 40
1270 173
840 131
2 2
125 36
728 110
5 4
202 53
1616 191
1 1
2 2
1035 142
380 57
1 1
14 9
57 15
6 5
2 2
1 1
74 21
1 1
3 2
4319 214
4 4
1 1
14 8
7 4
5 4
52 21
1 1
1072 91
1219 122
8 5
111 29
8 5
2 2
1 1
66 20
1 1
1 1
1120 165
1 1
420 53
440 72
47 14
3969 264
3 3
59 26
3108 220
37 19
227 58
251 63
23 14
1 1
2 2
466 99
892 92
1053 166
2 2
23 13
139 37
43 19
93 25
13 12
50 23
1 1
75 33
39 17
1 1
1 1
1 1
72 27
1 1
155 58
12 6
38 17
2057 183
1067 180
1226 125
1 1
875 112
2 2
361 82
141 53
23 11
1 1
1 1
2 2
189 44
306 89
367 76
100 25
2 2
646 133
1 1
262 51
72 22
4 4
637 100
2 2
17 7
31 14
1 1
948 84
189 40
7 6
11 9
4 4
134 31
12 8
3 3
7 5
228 43
51 18
22 14
5 4
5 4
1 1
4 3
4 3
67 12
2 2
1 1
5 4
82 23
31 13
4 4
6 5
2333 194
668 83
2 2
65 30
229 32
1 1
393 55
56 23
16 9
10 6
557 119
1 1
915 137
367 56
2 2
270 40
17 12
111 44
37 14
849 104
51 19
1374 185
44 18
2 2
1 1
5 3
130 49
1 1
2564 208
1553 91
1 1
7 3
1 1
1890 152
210 24
10 9
18 10
154 42
2 2
149 46
391 49
1 1
234 60
567 82
172 29
17 9
5 4
2 2
1 1
10 5
1022 90
3 2
110 23
4 4
4 4
8 6
1 1
1 1
10 7
1 1
33 11
33 15
2 2
55 14
2684 206
276 80
70 22
931 109
2645 239
5 4
266 71
27 12
2 2
1 1
85 30
109 21
421 86
2 2
1776 145
29 12
3 2
140 37
306 52
1 1
1 1
1961 138
3648 238
1049 191
105 39
68 21
37 17
743 80
43 18
24 10
2 2
510 92
290 38
252 48
35 20
9 8
20 10
1 1
2128 189
64 19
702 79
2 2
2 2
1 1
3 2
3 2
2 2
439 96
2766 163
472 65
26 8
722 106
2 2
308 73
4 3
1019 135
1 1
27 11
99 24
3 2
264 51
104 35
4 4
2 2
43 21
66 16
326 70
1 1
260 70
381 63
926 125
363 55
701 115
6 4
10 8
330 40
578 74
12 6
1159 129
28 9
386 68
46 16
2 2
202 51
3 2
583 64
495 76
1634 141
4 4
25 12
1 1
132 26
1 1
823 71
6 4
1 1
236 35
501 98
2150 218
2 2
4 3
1056 118
552 98
16 11
2 2
15 7
23 13
12 7
2178 346
40 11
247 60
1 1
1 1
5 4
72 21
50 17
30 12
2 2
36 21
183 41
1 1
56 18
1227 132
1750 194
4 3
165 54
2 2
5 4
1 1
11 5
152 30
2 2
1 1
16 9
83 28
1337 106
260 44
514 79
13 6
39 13
1 1
511 74
4 4
12 6
238 34
15 9
96 28
5 4
56 25
1 1
29 14
90 23
1453 120
140 42
182 51
7106 376
1864 168
2 2
38 15
28 12
350 55
2 2
1 1
914 89
22 13
1 1
2 2
1 1
78 25
2 2
14 9
4 3
41 14
540 75
1563 106
60 18
1519 135
45 20
8 4
1 1
115 19
368 39
7 7
1 1
33 17
14 10
4048 269
7 5
351 73
1 1
3 3
2 2
9 4
27 17
2778 282
15 8
2062 135
46 25
10 6
202 37
6 4
104 23
1 1
2216 210
100 31
21 11
1616 158
4 3
1368 169
14 9
118 32
1 1
41 11
65 21
5709 361
18 10
19 10
25 11
175 31
236 57
31 10
45 16
1 1
2 2
2 2
648 85
35 11
171 45
1902 117
3 3
177 27
165 38
15 10
160 30
43 13
3 3
9 5
2 2
9 5
1 1
16 9
36 14
222 43
1735 133
1165 95
319 87
8 6
62 16
208 34
3171 186
1046 82
9 5
243 40
1025 121
16 5
4 3
205 46
8 5
34 16
1 1
561 98
5 3
523 99
6 5
2 2
7385 592
871 109
3 3
4 3
1151 90
8 8
10 6
1 1
1 1
11 7
95 34
755 92
1794 181
8 6
24 8
4 3
159 28
51 19
1 1
2 2
266 51
2 2
118 43
14 9
3 3
152 25
131 38
2 2
1396 122
202 50
136 27
2 2
68 20
47 16
92 26
19 12
5813 371
6 5
18 7
18 7
72 18
2 2
81 15
1 1
783 96
5 4
2 2
13 6
1 1
23 8
184 36
1 1
1999 160
93 17
2 2
536 76
5 4
472 56
199 40
8 5
1071 138
121 27
2 2
57 16
3 3
3 2
73 19
64 24
727 70
1 1
79 23
83 19
178 41
2 2
9 8
1 1
6 5
2 2
35 10
5 4
1185 120
1 1
42 16
13 8
1 1
2 2
1 1
11 9
1 1
21 10
381 46
1005 91
2 2
32 13
66 23
1 1
138 25
2 2
40 12
1 1
2 2
3 2
7 6
37 15
17 5
118 30
106 26
8427 334
7073 205
4 3
6 5
1008 126
153 39
1 1
11 7
5 4
1 1
4 3
19 11
28 12
1 1
2666 119
2 2
23 10
180 29
10 5
1928 193
1 1
4 3
56 17
14 7
7 6
25 11
1 1
2 2
3 3
98 37
4 3
295 76
2 2
3 3
23 9
1731 192
427 104
695 68
15 9
2 2
2 2
573 97
321 67
5429 646
35 13
134 35
2 2
10 9
3 3
8 7
1021 159
1 1
65 26
32 10
384 60
3 3
92 26
75 17
2 2
18 8
8 4
5 4
6 5
1 1
315 61
2 2
13 10
219 45
6 4
888 112
4 4
1 1
9 6
3 3
36 18
51 16
7 5
1 1
75 20
2 2
39 11
12 4
256 64
182 56
1294 163
4 4
1 1
68 25
716 91
574 86
1222 168
483 77
110 33
9639 316
112 34
1 1
3 3
192 41
1 1
70 29
147 32
154 43
50 21
2 2
1 1
11 5
590 93
416 57
31 10
53 22
21 10
88 29
11 5
2 2
205 49
337 53
189 59
12 8
51 17
314 71
1 1
306 52
63 15
2 2
790 138
1 1
24 10
64 23
39 19
6 5
2 2
75 36
2 2
5361 339
8 5
1 1
6 5
23 11
1 1
32 12
1 1
127 25
38 17
220 69
25 10
20 7
37 22
818 193
96 23
17 9
8940 295
13 9
2673 151
24 11
2 2
301 48
442 82
7 4
5 4
8 6
23 10
55 14
5014 216
1 1
128 32
5 4
1 1
36 15
45 22
224 27
18 10
4 3
229 46
113 31
25 11
7 6
147 41
7 7
1 1
24 10
176 44
65 23
7 5
5 5
85 35
298 41
32 12
1 1
300 71
2 2
759 148
25 13
208 60
358 75
1 1
7 4
11 9
1062 182
5 4
17 12
2169 114
1281 82
8 6
3591 209
16 12
617 82
85 29
227 46
4 3
3309 214
147 23
3 3
69 28
686 99
94 28
18 11
1550 173
13 6
164 48
40 17
99 35
54 17
1 1
90 33
49 23
2914 187
2 2
50 19
1 1
237 36
1 1
13 7
577 87
2 2
1 1
23 13
1292 125
102 34
4 3
15 10
4 4
39 16
1 1
1 1
437 83
1 1
174 25
15 9
285 81
39 16
60 19
15 9
39 14
1 1
6 5
2744 306
320 100
4 3
5 4
183 59
889 157
1 1
5 4
1 1
2 2
1 1
185 47
4 3
3 3
1 1
1 1
1183 178
52 15
1 1
8 6
1 1
31 12
261 28
1556 207
2 2
3282 277
2 2
22 9
7 4
3 3
2 2
99 39
194 50
2 2
48 14
1 1
201 59
3454 263
4 3
25 16
450 96
12 7
1497 128
27 8
20 14
353 70
4 4
31 18
352 56
15 6
4 3
2 2
3917 267
185 34
3 3
127 36
72 24
1 1
168 29
235 51
2203 180
2 2
30 12
2782 275
1161 94
75 30
19 7
127 30
31 17
3 3
11 6
21 10
1 1
8 6
39 15
23 10
2 2
15 7
323 46
7 3
25 11
898 125
2 2
8 6
52 17
1 1
2 2
1 1
61 17
1460 138
1 1
1877 146
4 3
1021 130
2130 123
1 1
2856 235
1490 115
454 70
10 9
1675 123
1 1
190 40
525 85
8 6
9 7
1 1
2 2
225 48
4 4
5 4
1 1
5 5
193 32
663 107
7 5
2432 279
279 54
4 4
34 11
81 34
1 1
57 17
103 33
1 1
1 1
2 2
7 4
19 12
87 19
69 22
28 13
1 1
213 33
4 4
1 1
1313 127
5 5
4 4
131 35
1 1
215 42
794 78
2 2
290 57
8 6
77 28
51 13
6207 186
63 22
2 2
21 12
15 7
234 43
3 2
4 4
170 35
56 24
4 3
1 1
122 27
21 13
1 1
59 15
29 11
17 10
6 3
3 2
66 17
79 19
81 15
15 10
5 3
38 16
28 11
5 4
682 100
1 1
2288 143
42 21
2 2
10 6
5 3
1 1
33 13
1 1
14 7
1 1
5 4
2 2
22 11
2 2
9 7
10 7
63 17
43 16
6 4
1 1
7573 292
26 13
526 82
2 2
3 3
685 72
7 6
199 44
3 2
1 1
2 2
39 18
3 3
29 14
16 9
3 3
75 23
7160 224
7 4
162 41
46 18
6 5
2 2
752 87
1 1
53 16
1499 165
198 42
3 3
15 9
2 2
1767 141
15 8
5 4
33 16
1358 136
47 18
1 1
1267 75
2 2
602 62
620 113
633 103
546 81
2 2
13 5
59 26
5 5
2 2
5 4
32 14
4 3
350 70
1514 153
3 2
3 3
1 1
172 31
275 55
209 50
126 37
399 74
16 6
3 3
167 29
2 2
4 4
81 28
2 2
758 98
14 10
953 108
18 7
2 2
4 3
118 24
1456 127
1 1
165 28
21 15
645 78
6 4
241 38
28 10
2 2
17 11
87 24
567 54
4 3
133 47
28 15
181 43
18 11
15 8
17 10
69 28
18 10
1255 108
402 51
34 9
2158 157
7 4
47 13
687 66
152 30
80 29
2 2
2 2
2 2
3082 215
8 6
1871 127
24 9
2 2
26 13
16 10
3852 313
177 43
94 24
500 83
25 10
2 2
2 2
549 61
19 10
212 76
124 25
30 14
1 1
20 12
4 3
2 2
1114 187
1 1
9 8
53 27
5 3
20 12
1207 174
4 3
525 96
1412 87
2 2
27 17
197 51
64 22
151 35
20 8
24 11
1021 123
5 5
318 57
373 64
30 12
314 53
1 1
8 6
1 1
10 5
1 1
8 5
1012 120
2731 178
58 27
1429 190
1 1
879 136
7 6
4 3
19 11
46 13
2 2
715 97
4 3
162 32
187 35
39 22
3 3
1 1
73 16
152 30
9 7
2 2
120 33
167 25
16 8
4775 231
1 1
71 21
59 14
7 5
6 4
7 4
5 4
647 85
1926 142
1 1
41 21
1 1
21 16
601 75
122 35
709 103
159 40
2 2
4 3
172 29
11 7
3 2
88 24
61 21
2 2
10 9
756 91
463 73
854 92
6 4
477 95
185 46
4 4
8 6
2 2
1 1
45 15
1 1
88 24
597 67
2 2
2527 162
1712 183
623 87
2 2
41 14
332 68
2332 173
271 32
7 4
495 86
892 146
151 38
1 1
32 19
1206 133
432 85
42 18
4 4
2 2
301 43
1 1
369 80
12 7
47 17
180 37
1 1
1465 171
19 13
700 93
19 13
6 4
117 32
196 28
2 2
1 1
1 1
26 11
813 144
4 3
1 1
1 1
606 115
7 5
12 7
147 37
1 1
1 1
96 32
1 1
20 11
2221 179
3 3
2 2
26 11
235 47
2855 237
1896 151
1 1
1 1
60 16
2 2
111 21
2 2
1 1
502 68
4300 213
1146 89
98 32
465 91
14 9
2 2
36 12
51 15
5 4
64 22
107 31
29 17
1 1
10 8
28 17
28 17
3 2
1752 186
13 10
63 20
1057 87
30 14
84 25
213 47
2 2
77 16
1 1
1167 109
598 86
115 30
899 137
31 16
4 3
65 21
1 1
2 2
3 2
27 13
13 8
94 31
33 14
21 11
1362 142
1806 108
1186 146
54 10
1883 189
1 1
1365 127
229 54
19 7
643 125
202 34
1 1
1602 154
187 33
795 127
157 38
1 1
288 51
13 7
4 3
2526 208
1004 92
4 3
1 1
1 1
2 2
224 49
5 3
28 10
1930 235
82 17
2 2
4 4
34 12
3 3
83 34
1 1
20 10
24 12
4 3
285 60
37 13
14 9
7 4
1 1
12 6
3398 164
30 14
1 1
20 10
6 4
2 2
1 1
88 19
31 13
4378 221
169 28
433 61
34 14
13 6
268 59
106 34
26 9
593 68
594 73
5 4
2 2
15 6
1 1
10 6
2 2
7 4
319 61
1699 220
18 9
13 7
1 1
44 21
522 85
5 4
2 2
1 1
273 47
258 35
80 20
3 2
5 5
12 6
1761 195
10 5
64 32
2121 182
386 53
633 90
1 1
4 3
25 8
8 6
240 44
2 2
23 10
66 20
75 26
5 5
1075 129
5 4
256 41
1 1
820 83
8 5
1 1
1907 157
7 4
1 1
66 13
6 5
894 102
2 2
641 55
4 4
110 28
41 21
40 14
1 1
2694 134
1014 79
153 33
22 10
2 2
496 74
269 50
429 82
17 10
2 2
1 1
1007 76
2711 220
2 2
2898 209
14 7
2 2
399 67
2075 200
560 105
14 7
155 37
354 62
102 23
1 1
61 14
161 51
218 38
3 3
68 25
17 8
36 18
20 9
10 5
45 16
6 4
128 35
1 1
1103 124
257 52
11 8
2 2
47 14
4686 341
186 48
1 1
3 2
14 9
80 16
2 2
66 22
226 61
3337 258
8 7
1 1
730 73
2 2
4 4
2 2
1672 171
3 2
3 3
12 8
44 12
1915 118
164 38
57 22
106 31
426 83
7 6
10 5
223 41
61 15
770 81
425 64
2 2
2 2
82 28
78 25
722 123
120 40
1446 178
27 12
312 59
1 1
2 2
3 3
47 18
160 33
33 13
1 1
43 14
1 1
580 65
56 22
285 66
4 3
8 5
78 25
4 4
569 65
22 8
31 16
79 29
4 3
4 4
10 6
20 8
3 3
53 24
10 7
5 3
106 32
1675 129
27 10
323 57
1 1
1 1
43 15
48 17
34 12
11 6
6122 376
774 115
6 5
11 8
298 41
814 115
100 21
1 1
32 12
4 3
1360 137
170 38
90 32
1193 97
7 3
5 3
20 10
1 1
1797 111
827 122
4 3
1 1
38 17
7 5
1985 223
2 2
255 44
1 1
29 12
4 4
3 3
90 23
24 9
1 1
1 1
5 5
18 8
19 6
5 4
9 5
6 3
1 1
346 73
11 6
1007 91
73 31
64 24
832 140
2 2
77 28
706 116
35 12
702 70
152 34
147 49
1149 123
1 1
3276 189
300 40
2 2
1 1
9 5
2 2
160 39
689 109
16 8
14 8
95 21
177 37
819 145
109 43
4921 191
7 5
280 63
15 9
2 2
114 33
1 1
15 9
295 41
17 10
22 10
711 82
1 1
23 13
3 3
2 2
24 8
50 21
3805 224
12 6
1 1
2 2
154 57
136 34
5 3
2 2
6 5
73 28
13 8
16 8
1 1
11 6
125 31
18 10
14 9
8 7
3573 189
72 35
66 28
3 3
3689 198
22 13
152 29
8 4
1 1
3 3
193 46
218 43
987 109
428 78
49 10
318 60
29 15
131 27
1 1
437 48
3 3
34 16
37 14
2201 264
1 1
92 23
3547 220
1 1
1 1
818 105
8 7
220 44
61 21
3 3
4 3
26 12
1 1
18 11
6 4
1 1
1 1
9 6
376 76
388 64
689 98
30 15
1 1
2 2
8 5
92 31
4 3
279 54
34 17
262 46
703 112
42 22
383 60
6 4
1 1
1 1
2691 236
186 43
150 38
306 42
129 31
45 23
1235 88
6 4
17 10
1 1
52 17
2 2
694 69
7268 257
7 3
56 15
95 27
2 2
1 1
2166 188
29 12
4 4
496 97
64 23
501 89
2 2
1 1
7 4
2 2
438 68
225 46
370 77
2 2
36 17
1 1
4097 281
7 4
61 24
91 30
4 3
1 1
1 1
1 1
37 18
32 14
57 22
1 1
57 32
192 43
4684 195
389 69
168 52
801 117
70 24
49 14
284 64
462 96
17 10
2566 150
2 2
4 3
68 26
975 102
1 1
6 4
3 2
223 41
279 64
1 1
4 3
37 17
51 13
93 27
69 19
501 110
248 76
64 27
87 19
46 15
40 18
2 2
78 28
1 1
1 1
777 117
10 7
5 3
1 1
5 4
2 2
8 5
9 6
1 1
3 3
2 2
1 1
15 8
2 2
117 43
1 1
35 15
11 6
92 44
34 18
2 2
274 58
5 3
1 1
1 1
40 15
14 7
8 4
165 38
7 6
1186 93
213 37
93 34
1195 99
173 45
75 23
1382 124
119 34
1020 75
308 54
5575 168
5 4
9 7
3 3
3 2
5 4
42 20
12 8
42 18
1555 278
377 70
2013 165
1 1
135 26
25 9
2 2
1 1
32 15
9 5
3 2
3 3
859 145
1 1
61 18
165 33
3 3
3 3
7 4
2 2
71 16
3 3
10 4
4310 202
32 13
1 1
1 1
223 49
757 114
3 3
218 30
105 31
1 1
16 12
21 11
8 7
3 3
708 85
714 130
5 5
50 17
121 33
6 4
1 1
12 7
1492 110
2923 195
17 7
21 9
303 55
25 9
71 22
37 12
46 13
240 49
13 6
29 11
282 65
434 66
3855 181
2 2
125 25
10 6
30 13
4 4
3 2
22 10
47 20
3031 246
45 15
1 1
663 89
341 69
3 3
160 40
38 14
340 57
3 3
132 39
1003 127
1 1
62 21
174 38
6 6
606 118
348 44
70 26
2 2
238 44
196 46
83 28
378 40
21 9
1707 152
34 14
116 27
24 11
1 1
204 36
56 16
164 39
448 89
372 64
1009 112
4 3
1 1
1 1
1 1
239 63
10 8
12 7
436 85
78 23
250 52
488 74
1 1
1 1
1471 161
4 3
1 1
3 3
34 12
9 5
302 80
1 1
8 5
14 7
3 3
3 2
1175 123
1686 161
6 5
139 38
9 6
432 75
2 2
405 100
280 49
182 38
1497 152
1 1
390 63
26 11
24 12
4 4
1 1
1 1
35 15
83 21
1861 190
545 51
51 16
172 32
5 4
792 95
39 15
699 81
11 9
2 2
8 4
1371 123
1 1
3 3
5 4
21 11
249 49
12 7
1 1
52 26
11 7
8 5
2 2
1 1
80 25
12 4
390 82
470 97
7 5
91 34
340 55
1176 88
9 5
30 17
1 1
1 1
662 70
1267 141
30 13
1898 155
1 1
3 2
198 42
62 19
311 50
55 29
7 6
31 12
3468 216
1299 161
1 1
25 12
92 25
1 1
32 19
1 1
2 2
3 3
18 11
1028 92
18 10
4007 183
4 4
1211 178
5 3
7 5
40 17
13 10
56 20
27 17
2 2
11 11
51 17
1 1
2 2
44 11
847 93
11 6
306 64
2 2
53 26
1 1
3 3
920 141
1 1
2 2
51 17
5 4
4933 298
53 15
145 48
59 20
1 1
2 2
332 65
1216 161
747 98
55 20
13 6
432 67
3 2
14 6
9 7
4 3
32 7
358 45
263 70
7 4
39 22
4 3
28 8
231 59
187 44
36 16
161 46
5 5
67 16
1 1
2 2
1928 164
6375 364
31 14
1627 115
57 19
14 7
5 4
143 32
223 53
1 1
80 24
4 3
1 1
46 15
340 58
1 1
1 1
9 4
9 5
1 1
326 62
1 1
6348 363
7 5
1 1
381 48
1 1
518 89
73 21
3 2
419 54
1 1
1 1
2 2
613 100
235 53
43 14
218 43
1671 125
1 1
620 59
18 13
1 1
4 2
1 1
2 2
235 43
50 19
101 23
38 13
106 28
35 20
1 1
6 5
26 13
1 1
2 2
436 68
5275 398
44 13
329 71
1 1
1 1
154 45
2 2
138 32
1 1
3 3
1854 222
2 2
18 9
1379 162
13 10
110 49
42 23
11 9
518 71
692 101
31 12
79 21
1 1
16 13
7 4
2 2
1059 89
3 2
1037 102
1 1
1 1
1047 179
375 38
7 5
266 52
10 6
499 65
1 1
287 51
1 1
75 27
5 5
5 5
2 2
16 6
10 6
7 3
9 5
7981 439
44 16
3644 387
8 6
99 37
3970 214
7 5
12 7
111 34
105 27
157 45
4 3
572 80
28 9
677 124
2 2
131 39
48 12
1 1
1393 116
3 2
21 7
250 48
46 18
867 114
1906 207
478 78
549 115
37 10
2 2
240 54
23 6
39 16
3 3
404 55
21 9
2 2
737 90
523 103
398 73
13 8
2 2
5 4
11 5
167 33
97 29
178 50
321 52
433 87
2 2
1 1
595 91
3 3
234 47
1 1
4000 192
1160 179
11 7
7 5
69 19
9 5
2 2
1 1
3 2
44 18
473 61
1175 162
100 24
1 1
47 12
94 28
234 55
49 20
28 12
1 1
41 18
1 1
57 26
13 7
732 88
4 3
2190 210
112 33
1 1
1 1
1683 123
1025 145
18 11
9 6
111 42
2477 150
2 2
55 18
1 1
183 51
12 7
2 2
1061 108
271 63
9 7
132 33
2 2
7 7
50 20
5225 252
96 36
181 33
8 7
1045 145
3 3
1 1
163 60
1 1
1023 105
1066 121
7 4
132 32
349 60
1 1
4 4
15 8
296 69
16 10
21 14
2430 266
1 1
241 50
237 53
154 43
2 2
4 4
44 18
7 7
230 48
98 33
23 14
12 7
1 1
15 7
2 2
217 54
4 3
1047 156
1501 169
1 1
3 3
82 27
178 50
571 91
241 41
100 32
11 7
15 8
16 10
714 73
112 27
1 1
488 104
996 66
1 1
455 100
25 15
1 1
6 4
52 22
2 2
21 11
33 20
313 36
2 2
587 77
1 1
2 2
1741 168
40 19
1052 105
160 33
1112 104
4 3
2 2
2 2
39 14
62 20
1236 148
1058 88
1 1
1446 136
1 1
22 10
1 1
535 79
7 4
769 91
67 31
101 27
47 23
5 5
282 53
67 25
8 4
61 22
2 2
2339 169
2 2
986 153
243 60
194 35
3 2
819 112
5 3
4 3
5 4
26 12
35 17
521 79
19 11
2 2
13 8
852 93
3 2
215 45
1 1
11 7
1 1
3 3
7 5
10 6
35 17
104 33
1 1
50 26
674 82
4 3
2 2
2 2
1 1
57 21
30 13
44 21
4 3
8063 359
1 1
595 103
187 32
544 90
5 3
6 6
2 2
1 1
1 1
79 17
8 5
262 45
87 44
2 2
56 21
531 85
465 97
2 2
1 1
2 2
3792 225
2 2
172 27
410 64
578 107
242 57
1101 121
793 154
1963 121
652 102
75 34
1 1
2 2
15 8
1 1
1652 128
22 12
7 4
828 105
32 11
3 3
1 1
305 77
1 1
4 4
43 18
5 3
187 37
1 1
2 2
2 2
1 1
2 2
546 139
3 3
50 21
3 2
32 15
5 4
148 25
2805 248
2 2
189 37
1 1
19 9
31 15
262 80
88 23
55 19
88 29
1450 144
84 26
2 2
2125 202
19 12
50 20
35 15
7049 660
7 5
1 1
1 1
404 43
10 6
1 1
110 35
118 26
1598 186
158 31
10 4
81 33
3534 208
6 3
116 27
43 20
2 2
105 28
191 40
2 2
388 81
17 9
1 1
4 3
1 1
5 4
21 9
1 1
2082 139
1 1
46 16
3 3
7 4
40 15
86 21
7 6
3 3
76 15
18 9
194 41
45 13
3 2
120 30
3 3
200 45
22 10
62 20
894 109
43 18
4 4
2436 180
3 3
38 19
4 3
2107 189
61 20
8 6
16 11
76 21
2 2
84 19
1 1
69 18
8 6
2 2
11 5
20 14
16 7
96 23
143 32
1260 152
40 12
1 1
131 39
620 63
2275 202
80 27
3 3
22 9
1 1
18 14
15 9
6423 581
75 19
2 2
42 29
1390 122
1 1
5240 303
3 2
118 21
2 2
1 1
2 2
2 2
30 20
1 1
25 17
8 7
5 5
1023 81
1851 195
309 77
28 16
4 2
35 11
401 63
3520 367
14 6
363 57
3 2
4 4
73 26
10 8
308 51
2 2
119 38
1 1
42 19
2494 178
41 12
160 40
1 1
1 1
19 14
6 4
271 54
184 39
1 1
2 2
1 1
2 2
581 83
1 1
10 6
1283 203
5 4
582 78
1 1
2 2
1085 147
30 11
26 15
1 1
7 6
1 1
509 87
121 37
1 1
114 31
420 48
1 1
20 15
1396 142
2 2
5 4
32 18
6 5
2 2
27 14
1 1
14 8
1 1
3 3
61 22
1 1
1890 156
2111 117
27 11
1 1
714 79
1 1
1 1
29 11
981 130
8 4
18 7
137 38
33 10
1 1
4 4
24 15
1 1
2 2
37 23
669 89
2 2
1 1
10 6
24 16
96 34
188 48
1377 162
255 41
40 20
9 5
69 27
6231 453
24 10
1 1
2442 317
153 32
5 3
3 3
4 4
3 2
4 3
4 3
7 4
314 55
1 1
3 3
1278 160
16 7
1 1
1544 141
20 10
1070 139
68 27
2 2
32 15
23 12
152 34
10 6
26 13
64 12
1 1
4 3
3 3
2 2
3610 192
8 5
2 2
505 63
1097 112
1 1
5 3
412 58
2 2
791 89
1067 114
1 1
841 136
3164 173
47 15
264 40
152 41
1 1
2 2
1 1
37 14
705 89
1 1
90 27
117 26
1129 164
2 2
4 3
198 61
510 46
2382 170
3 3
309 44
11 6
11 5
787 81
6 3
47 17
425 83
12 6
5 4
9 5
115 46
249 61
5 4
12 8
167 29
106 52
1 1
1 1
11 8
4483 170
677 91
271 50
30 16
166 31
2 2
538 76
13 7
3 3
25 12
119 41
1096 153
2 2
12 6
6 5
3 3
4 2
21 10
107 26
1899 244
1250 160
2 2
1 1
469 65
12 7
2 2
113 27
1 1
204 40
111 36
23 12
25 18
1 1
505 68
2 2
1 1
1 1
3 3
251 51
53 17
1 1
1007 168
5 4
1018 161
1 1
350 46
16 9
97 26
1134 131
27 13
614 92
2 2
14 6
8 6
489 75
6 5
616 70
43 15
2 2
20 11
1099 153
5 4
46 12
1496 153
19 12
227 58
348 49
1 1
659 101
5 4
2 2
1039 113
48 14
3 2
171 48
264 50
1304 111
29 12
2 2
1 1
71 21
2730 215
10 6
751 120
5 4
80 21
4 3
402 53
46 11
1 1
2 2
2874 147
6 3
378 54
27 16
72 27
1416 172
7 6
1126 145
2 2
2119 132
14 7
37 17
1432 105
71 17
7 4
27 10
6 4
161 42
1049 76
9 5
372 54
226 49
202 34
112 30
185 40
1 1
4 4
1 1
11 6
20 14
4772 444
1 1
27 15
87 34
2462 117
250 51
2 2
4 3
13 7
656 83
105 31
37 23
4 4
3 2
233 51
2000 193
5836 266
1 1
2 2
55 19
51 19
2 2
52 20
10 7
242 48
38 14
4804 214
613 64
9 6
3 3
33 12
23 10
3746 287
3 3
51 24
261 57
89 41
1 1
21 11
17 8
1 1
45 12
2 2
20 11
248 54
482 71
1 1
1 1
875 131
1 1
738 87
892 134
311 60
1 1
54 15
106 29
443 75
20 11
2265 140
1 1
526 78
8 4
23 8
758 98
162 36
3 3
5 4
459 61
3016 205
12 5
603 91
8 4
186 38
2153 137
1 1
1302 115
72 25
9 4
67 19
4 4
2 2
239 38
140 33
21 10
4 4
76 19
7 5
36 17
118 30
263 56
23 7
30 17
5 4
12 9
4290 269
1 1
4405 225
3 3
928 142
1 1
22 16
10 6
5 4
2 2
1233 98
2 2
2 2
2 2
1137 166
6 4
1155 85
4 4
164 39
461 62
330 56
12 8
1 1
484 57
33 15
48 21
29 12
34 12
67 27
16 8
470 77
77 29
7 5
181 31
4 3
1109 118
87 29
1 1
12 8
47 18
1 1
46 17
64 19
79 21
83 20
269 43
1 1
8 5
293 61
26 15
234 33
121 33
1695 114
12 6
39 20
9 6
17 5
29 15
6 5
31 11
374 46
2 2
4 3
218 56
79 21
2 2
16 11
55 21
65 25
3 3
1068 111
1 1
7 5
5541 211
79 32
200 49
38 9
2423 188
1 1
2 2
8 5
1 1
813 102
37 17
191 47
1 1
822 119
41 19
43 12
17 10
7 7
852 84
114 30
11 6
52 22
145 41
1 1
1613 181
14 10
2 2
1 1
250 46
270 49
3 3
1 1
1 1
157 39
3079 152
11 7
3 3
3 3
220 42
68 16
1898 201
6 4
35 13
15 6
58 15
27 15
18 11
401 62
1917 313
1 1
209 47
2 2
14 5
2 2
3 3
46 16
23 11
2 2
1 1
85 23
1 1
3 3
67 20
2408 140
1288 122
106 35
40 23
12 6
7 7
2 2
1 1
1164 82
149 38
1 1
257 63
5 3
18 8
26 14
6 3
1 1
263 46
8 6
3 3
3 3
191 49
43 18
297 41
2 2
191 47
46 18
4 3
2 2
5 4
18 12
6 4
40 13
608 82
4993 287
120 34
67 23
7 5
8395 336
13 9
32 8
40 12
5 3
1494 108
39 11
186 51
1 1
1 1
25 10
189 24
8 4
2 2
2 2
319 57
7 7
1138 137
1 1
41 17
7 5
14 10
6 3
1 1
104 28
2 2
69 22
1251 97
1176 144
1 1
55 23
5 4
5984 284
34 16
5 5
1 1
78 21
4 3
2 2
11 6
1049 117
950 109
1 1
3 3
1340 109
17 11
35 23
5 4
460 71
546 72
1642 140
16 8
746 133
89 31
4 3
7761 382
36 13
7 6
469 84
1 1
80 29
1 1
26 11
48 17
383 68
1 1
87 21
45 22
12 7
277 56
860 117
4 3
54 16
88 21
308 62
21 11
24 11
12 7
16 12
10 7
6 5
1759 175
4 4
133 33
1024 159
57 27
1253 161
1 1
323 69
2 2
22 13
286 59
1 1
3 3
49 16
366 58
1 1
159 44
374 82
5 5
2 2
4 3
1 1
8 4
180 56
1 1
352 70
212 46
3 2
3 2
1 1
816 139
76 26
54 21
629 102
162 37
3 3
1358 95
224 40
996 85
1 1
65 24
39 17
2106 211
1 1
8 5
626 76
1044 139
160 48
2 2
2 2
511 74
9 8
1 1
27 10
3 2
656 87
10 5
2 2
3 3
1127 125
1 1
226 44
18 11
1 1
4 3
8 5
20 10
399 49
1039 101
201 75
2 2
33 13
98 29
2 2
1 1
658 81
7 5
621 84
65 20
1 1
10 6
1508 123
127 36
1 1
115 45
1694 172
101 27
762 96
394 47
1 1
7 5
8 6
18 14
160 23
44 17
59 25
689 75
1 1
2550 247
2510 184
98 41
6 6
976 101
22 12
101 26
4 3
224 48
109 16
177 32
71 16
485 44
5 5
2 2
101 19
914 129
14 9
10 7
3 3
210 47
503 90
198 65
745 94
372 63
337 80
30 10
1 1
339 55
2 2
357 50
3125 200
1 1
4392 276
996 107
131 42
2 2
2 2
167 48
25 10
13 7
1 1
6 4
34 15
722 85
1 1
2403 167
81 21
1 1
903 111
1 1
4 4
2 2
59 25
2 2
35 12
20 16
1662 212
774 122
538 118
4 3
208 33
174 27
2 2
2 2
5 5
1 1
1 1
73 28
309 58
165 42
26 9
17 13
105 23
10 5
1 1
5 4
5 4
2 2
2 2
1 1
1 1
202 47
51 18
47 22
18 8
1 1
10 5
25 16
88 20
1 1
775 117
8 5
77 28
1597 212
2013 138
77 18
337 70
15 9
88 24
15 9
15 9
2 2
1 1
1 1
2753 177
260 59
1316 191
279 57
275 43
3 2
394 54
6 4
2 2
70 28
2 2
2363 193
3 3
100 38
11 8
7 5
829 130
1178 149
2 2
31 19
3349 289
40 14
71 27
71 29
231 48
16 6
1 1
1 1
75 19
26 9
1352 95
1 1
1 1
26 10
224 54
3 2
20 12
108 24
877 87
8 6
8 6
378 80
356 50
2 2
1 1
14 6
341 72
855 95
1 1
33 21
884 166
524 73
108 20
694 119
4 4
29 17
1311 177
162 33
1 1
3 2
1704 153
2 2
53 20
3 3
6 5
25 11
1 1
3 2
4 4
155 28
835 88
447 73
6182 408
125 35
23 7
546 63
125 35
1 1
2331 159
16 8
72 18
37 12
17 7
746 123
7 6
194 27
7 5
15 10
423 73
43 17
1 1
2 2
1 1
3 2
19 11
128 17
48 19
350 42
239 57
1831 198
11 7
4 4
50 17
1 1
32 14
1 1
31 9
2 2
12 5
126 38
1 1
1442 174
32 9
8 5
29 14
32 18
3715 266
72 24
506 54
54 23
478 79
4 3
48 15
557 80
2 2
5 4
15 9
12 7
1 1
2 2
1 1
769 112
1242 155
56 18
164 39
10 6
3 3
10 5
66 20
4 3
1 1
2 2
265 36
24 10
11 7
1177 84
2 2
1 1
24 13
348 48
5 3
1019 169
127 43
2 2
333 50
1 1
3 2
1919 126
9 8
66 21
1 1
65 20
951 90
640 76
35 13
35 19
518 72
93 18
3 2
59 20
2 2
5 4
4 3
521 92
13 7
3 3
1 1
9 6
5 3
1 1
37 15
4425 252
317 55
1 1
2439 181
3084 237
49 16
370 58
2 2
3 3
1 1
1 1
7 5
5 3
1106 114
3 2
1 1
1 1
18 8
1840 105
337 44
9 7
10 7
24 11
108 40
28 12
1074 127
924 98
6 4
525 83
2 2
69 21
2 2
485 84
6 5
1544 139
206 48
4 4
47 20
3 3
18 12
2 2
7 4
1756 177
139 35
117 37
5 4
458 93
1117 109
37 16
2 2
1 1
191 54
1 1
2858 192
1 1
2 2
15 10
6 4
1 1
3 3
22 11
75 27
23 10
86 28
114 41
357 43
2 2
190 45
3 3
1429 105
8 8
21 14
13 8
663 102
1 1
1400 175
51 21
1005 139
13 9
10 5
1 1
60 23
93 39
2701 248
3534 262
5 3
17 8
2 2
46 22
2 2
3 2
2 2
1 1
17 8
249 45
59 20
1 1
480 104
197 28
137 26
10 8
11 5
200 37
23 15
41 15
23 10
150 30
37 18
302 71
1 1
1 1
34 11
56 13
657 112
22 11
1100 155
6 3
184 61
1 1
2 2
31 14
2 2
1584 130
8 4
1920 201
3 3
5 3
2856 256
4 3
42 18
16 7
114 22
334 66
946 97
192 37
165 34
777 71
183 36
465 69
1079 77
1473 127
2251 253
89 23
1772 193
391 38
457 80
78 24
310 62
8 4
2 2
13 6
66 19
472 60
1409 133
80 28
54 20
601 62
1 1
61 16
6 4
72 17
2 2
23 9
1 1
39 13
3 3
513 99
1180 109
6 3
1 1
42 16
38 13
417 68
1 1
15 6
6 5
69 32
5 3
10 6
14 8
12 8
260 84
3 3
1323 95
334 63
83 23
2749 169
1 1
1 1
2 2
152 47
1 1
1 1
6164 294
120 26
3 3
4 3
566 99
1181 84
41 12
541 81
426 77
586 86
2 2
283 60
19 8
5 4
35 13
1 1
974 89
1 1
10 6
13 9
208 35
3 3
2 2
8 6
20 10
2 2
5 4
277 50
865 99
12 7
12 9
9 7
489 69
4 3
397 81
2 2
119 29
113 31
169 41
224 32
61 25
8 5
6 5
8 8
1 1
8 4
18 10
524 76
21 7
17 9
31 13
48 19
4 4
491 70
135 34
27 8
18 9
1 1
17 6
12 6
2135 230
198 55
7 5
69 16
29 15
1 1
2151 117
2 2
1409 169
2 2
1 1
639 74
4580 221
7 4
710 108
5508 254
2 2
108 22
269 45
6 4
262 37
74 20
7 4
1 1
24 9
4 3
21 9
2298 132
5 4
15 7
12 9
3 3
1 1
5464 345
245 51
2 2
2 2
1 1
266 32
13 6
1 1
1 1
2 2
1 1
149 40
1 1
1424 131
1 1
7 5
238 39
4 3
4 3
1161 166
1 1
8 7
3197 219
1752 201
9 7
23 12
1 1
2 2
8 6
2 2
267 33
7 4
3 2
4 3
37 22
109 28
3 3
269 43
48 24
1 1
325 72
1 1
4060 279
19 11
5 4
51 23
8 5
1 1
24 10
9 6
136 28
3 3
2 2
39 21
1 1
398 54
441 81
2306 202
2 2
28 15
2 2
1143 130
1 1
102 26
1171 152
8 5
3595 301
1 1
11 6
2 2
2 2
885 87
10 5
60 27
1 1
72 22
222 41
1 1
27 9
145 25
5 4
125 30
8 5
7 4
1135 127
84 17
20 9
90 24
121 26
1716 178
1 1
4 3
1263 195
21 7
15 10
11 5
18 7
6 3
1 1
1596 168
17 7
141 43
1 1
17 6
82 16
547 65
8 5
23 11
2 2
431 75
3 3
3 3
5 3
1707 152
508 94
91 39
121 21
1723 110
727 106
9 6
346 72
46 12
1 1
1 1
20 12
15 6
4 3
30 12
1 1
4 4
2 2
5 3
17 10
2 2
38 16
17 7
188 37
3 3
12 9
4 3
130 40
907 110
69 21
4 3
30 8
9 5
526 93
33 16
125 28
1795 219
425 75
4779 214
52 24
71 20
70 24
1 1
11 8
46 16
20 8
5 5
586 85
11 6
2687 225
122 29
12 7
1 1
3 2
2 2
894 128
959 107
5 3
621 67
7 4
1100 132
1 1
2 2
1311 167
2 2
115 27
2597 211
840 105
1017 108
84 28
547 88
381 84
563 61
547 97
4 3
6 3
67 18
275 90
1859 175
16 8
34 12
262 41
1 1
7 5
318 59
94 32
264 56
589 87
672 78
427 66
87 28
78 34
1 1
15 8
334 57
1 1
616 91
6 5
32 16
1762 197
88 30
490 70
1678 115
267 46
60 18
1 1
17 9
654 100
13 7
229 53
269 96
113 30
1 1
2 2
13 9
16 6
28 13
1080 128
1001 93
334 47
592 92
16 11
3 3
995 121
138 29
6 5
57 22
148 44
1 1
25 12
9 6
61 21
71 15
317 66
15 8
6 5
2 2
1 1
37 18
1 1
1 1
11 9
31 14
1705 153
1 1
1658 191
67 22
1466 121
31 12
17 11
19 7
28 10
66 21
150 27
155 42
40 11
2037 180
1227 108
60 25
469 104
190 32
1229 117
2 2
86 32
3 3
14 9
13 6
2 2
101 32
49 14
96 37
360 99
6 4
295 60
48 26
50 15
15 8
1 1
1 1
1 1
698 99
2 2
390 88
5 4
75 17
20 9
2044 173
1337 179
5 3
21 9
5 5
1 1
193 44
137 26
1 1
4929 226
19 9
6 6
15 11
4 4
87 22
5 3
10 7
14 7
10 8
23 11
3 2
319 57
16 11
4 3
75 22
12 9
8647 656
927 108
293 43
389 56
131 31
740 76
1 1
7 6
1838 175
18 7
3 2
327 75
1 1
21 9
126 29
12 9
1 1
2 2
2659 130
13 9
62 14
2 2
1 1
3237 217
727 74
584 84
905 136
87 21
978 133
1936 210
3963 379
93 25
126 41
11 9
1562 212
5 5
54 16
16 9
2 2
61 23
5 4
6 3
40 13
8 8
11 9
147 42
2 2
33 12
285 61
129 35
34 11
64 23
34 17
1 1
340 86
3 3
1991 268
17 8
399 62
71 20
194 50
24 12
14 9
950 150
794 121
1 1
2 2
3 3
470 68
894 169
209 66
471 59
21 15
152 24
6 5
9 6
30 16
126 21
1072 122
1792 145
2011 238
16 8
1378 146
16 8
2 2
71 17
1 1
101 27
1 1
16 8
51 18
7 6
928 126
27 13
694 102
1 1
4 3
584 102
2 2
445 101
2 2
2 2
17 8
1755 186
257 47
397 60
102 19
1 1
22 7
1 1
10 7
1 1
2 2
153 38
41 13
125 29
3034 208
1 1
16 8
7 5
17 11
219 44
1492 209
2355 228
115 24
27 14
124 23
3 3
1 1
17 6
1 1
19 10
1 1
5 4
9 6
3 3
2 2
358 54
24 10
15 7
4 3
39 14
49 20
177 44
220 67
3 3
5 3
9 6
53 22
42 16
613 89
160 34
2431 182
1 1
79 24
19 9
8 7
98 27
2948 249
4 3
1 1
66 20
17 8
2 2
18 8
1 1
40 19
4 3
9 4
7 4
6 4
1 1
5401 354
1 1
15 9
234 67
23 11
3387 195
278 74
462 116
39 19
36 17
2 2
92 25
1 1
54 16
135 36
42 19
1268 135
1 1
9 5
1 1
1686 131
737 81
44 19
17 7
511 119
68 19
13 6
66 24
9 7
1 1
163 34
2 2
7 6
8 6
1 1
23 15
2 2
2750 161
223 49
419 86
11 6
2 2
3 2
226 48
3137 205
1 1
330 61
3 3
85 25
1 1
37 14
3171 182
22 10
722 107
22 14
2458 182
3 3
22 10
6 3
2 2
152 31
2 2
923 161
12 7
4 3
1 1
79 20
2 2
1431 94
4 4
1 1
2 2
1 1
953 178
1402 245
2 2
13 7
1 1
9 6
66 27
3 3
114 33
18 12
7 5
492 103
11 7
465 51
3 2
43 16
2 2
450 47
2 2
7 4
3 2
367 81
1 1
320 54
941 116
1 1
3 3
3 3
479 67
1 1
842 88
2 2
1 1
2 2
7 6
91 25
486 69
11 5
1 1
4 4
174 42
372 100
25 12
32 18
45 20
1129 128
868 109
1422 112
52 14
650 118
2 2
62 21
2 2
12 5
5 3
19 8
26 17
1 1
2 2
30 11
4 3
3 2
1498 114
1 1
758 126
229 53
20 6
4 4
447 70
1 1
70 29
84 32
8 8
9 5
7 5
10 6
1 1
163 42
2 2
462 61
554 57
2 2
11747 420
6 5
1606 193
6 5
199 40
2 2
12 7
3 3
1263 179
12 7
18 9
36 11
1 1
2527 232
816 125
1 1
70 29
22 12
7 3
12 7
240 56
1 1
27 17
33 11
2 2
452 67
97 32
3 2
242 58
68 19
77 14
1435 109
17 7
1 1
19 6
43 17
1 1
1 1
3754 299
75 32
10 7
65 18
11 7
84 19
220 47
2 2
203 50
54 14
3030 274
3 3
11 6
500 96
87 23
347 71
2 2
26 9
1 1
1 1
260 47
968 81
12 7
4 3
123 41
8 5
224 40
180 42
1 1
12 6
2979 204
1 1
1 1
1977 169
9 6
2 2
80 22
23 7
1192 116
2259 198
3 2
1686 194
35 14
2 2
1 1
7 6
46 19
9 4
3 2
1 1
572 71
15 6
71 21
719 145
3 3
69 28
41 14
2 2
1942 194
29 13
403 54
251 59
244 63
1 1
14 8
2433 216
5 4
2 2
139 47
32 16
30 18
6 4
15 8
37 12
5615 310
122 24
545 87
1 1
279 44
156 49
313 79
150 46
4 4
18 10
4 3
2285 174
282 70
6 4
19 12
1459 198
4 3
1 1
221 30
33 10
2 2
33 16
2 2
1 1
4 4
35 21
120 34
1310 122
76 26
20 13
172 31
1075 132
125 32
6 5
9 6
4 3
855 120
189 52
1040 214
2694 278
29 15
17 11
176 38
3 2
1263 141
6 5
4 4
129 24
331 60
33 13
1556 111
3 2
18 11
67 18
6 5
93 27
1 1
134 36
1 1
2 2
710 89
11 5
84 44
6 4
3 3
186 50
35 15
27 16
1 1
100 18
1 1
398 74
52 13
1 1
9 4
181 34
18 8
52 18
150 35
1 1
1 1
424 70
32 13
12 6
327 46
1924 191
6794 343
7 4
2 2
1 1
53 22
542 95
59 24
1 1
120 24
158 40
10 6
15 10
1 1
1 1
136 38
1 1
83 19
54 22
1048 88
31 16
18 8
255 46
1 1
425 75
2 2
4 4
5148 265
82 25
107 41
797 97
2 2
3 3
1104 76
2702 147
100 37
1301 117
6 5
29 14
2 2
25 17
488 87
38 15
3742 216
156 28
5 3
2 2
254 44
45 21
14 6
1 1
12 8
3 3
823 112
2 2
412 69
13 8
69 41
187 37
210 44
772 152
54 23
22 13
10 5
32 13
1072 135
1 1
1063 122
261 44
41 13
13 6
34 22
3 3
793 82
604 92
80 20
334 53
1 1
387 64
2 2
3 2
3 3
53 24
3 3
9 6
1057 121
61 17
1 1
1 1
24 13
51 20
1 1
9 5
1 1
5 3
4 4
2627 206
3 3
138 30
1089 139
223 55
1078 128
269 52
2566 216
8 6
12 7
1 1
66 18
17 9
151 24
32 8
20 13
24 13
431 50
16 6
459 66
865 109
66 20
3059 218
7 5
379 76
97 29
3116 205
121 27
3 2
45 16
381 56
203 47
2 2
75 29
1063 89
2 2
3 2
47 18
11 10
5 4
4 3
36 15
6 5
32 11
2 2
1 1
10 7
87 36
1434 114
1995 219
1 1
165 25
199 29
284 49
36 16
49 18
993 116
815 117
188 52
2 2
2343 179
1 1
1117 69
258 42
48 17
18 10
197 33
2 2
2 2
495 76
9 8
21 10
21 10
10576 344
5 4
7 6
2 2
2 2
51 28
601 60
5 4
22 12
827 67
123 36
87 29
16 11
71 18
4812 296
720 97
1 1
4 3
192 30
47 17
329 61
186 30
10 5
2 2
1128 142
62 16
232 36
678 87
221 57
3 2
140 32
158 31
74 21
2 2
339 38
87 32
235 49
3 3
2 2
2680 164
331 74
58 20
2 2
1 1
1 1
1 1
309 63
3 3
3 3
6 4
40 17
62 24
2153 154
2738 228
42 13
2 2
4 3
63 27
1 1
200 35
12 4
311 69
6 6
189 57
1 1
1 1
36 13
3420 242
7 7
2 2
3 3
1 1
10 6
13 10
89 20
449 53
828 127
134 23
60 19
1 1
4 3
1275 127
3 3
39 12
1 1
15 7
264 67
5 3
2 2
1 1
6 4
2518 158
2 2
223 50
13 13
1 1
11 8
25 10
595 129
474 80
22 11
1 1
4 3
38 15
119 28
579 111
1389 112
97 26
3052 223
6 4
28 11
73 28
485 65
913 103
1 1
75 19
18 11
34 12
62 22
23 9
193 45
99 18
2 2
1 1
24 9
107 39
3 2
945 146
1604 185
1131 163
14 8
1 1
2915 239
459 70
537 70
480 79
9 6
15 7
149 38
255 44
1 1
37 13
464 72
3 3
351 68
8 6
3 3
898 130
16 8
1 1
1 1
508 96
3 2
1313 172
2 2
5 5
3254 207
44 18
160 40
128 28
14 7
154 43
1 1
33 16
1528 288
113 33
1 1
1 1
6 4
22 12
30 13
1271 137
1 1
466 73
17 7
150 20
1823 241
25 10
1 1
23 11
4 3
3 3
643 164
957 110
1 1
3 2
11 8
13 11
153 28
1 1
423 94
3 3
1272 174
1204 161
162 38
2 2
3128 162
95 28
280 58
32 13
1339 174
2 2
147 30
489 84
2 2
4 3
21 10
3 3
493 91
73 20
71 31
4 4
1051 94
602 64
2 2
22 9
3 3
80 22
2 2
2 2
84 18
25 13
197 46
8 5
162 44
1043 104
8 3
374 60
5 3
280 57
2 2
303 58
5 3
4 3
27 11
4551 245
2042 134
178 56
10 5
507 119
1 1
6 5
921 139
12 8
393 49
11 7
319 67
174 37
1 1
13 9
19 7
1558 141
49 25
21 11
64 19
1 1
52 18
3 2
2097 237
198 41
1025 103
1 1
25 12
111 21
5 4
2 2
19 10
387 45
9 8
4 3
74 21
25 8
13 9
274 45
41 16
2239 167
33 11
4 3
1 1
10 7
12 10
19 13
497 66
132 38
49 15
11 7
1 1
30 14
19 7
1 1
323 58
1 1
8 4
19 9
1000 137
30 12
508 68
1 1
5 3
2772 144
73 21
199 49
77 27
31 8
11 7
24 9
1656 146
1 1
81 29
1 1
12 7
17 9
1 1
3039 176
2 2
1382 124
226 43
48 26
293 70
7 7
2 2
4 3
81 22
55 23
25 9
416 51
1 1
2484 142
185 45
1 1
20 7
8 4
4 3
1 1
1 1
2 2
401 54
2 2
13 8
997 132
4 4
1 1
1 1
2 2
1202 131
71 29
488 52
5 4
509 75
5353 230
358 59
31 17
42 12
6 5
7 4
1148 168
69 19
1 1
920 72
170 35
532 85
1 1
5966 201
3 3
56 21
456 78
1 1
4 4
387 80
404 59
84 32
12 7
22 8
13 6
352 59
3926 309
10 7
1 1
2 2
1 1
2 2
68 23
57 18
1 1
90 25
1 1
1621 153
15 8
45 23
1256 168
8 7
114 26
1 1
287 55
149 31
591 51
1 1
10 5
10 5
80 25
1 1
3 3
11 8
9 7
3 2
1 1
9 6
827 104
5861 400
44 20
75 27
267 53
1 1
80 20
14 5
140 36
72 19
3 2
2 2
22 9
6 3
6 4
329 99
25 12
17 13
6 5
375 58
11 6
94 30
46 16
1 1
242 66
16 7
1685 138
1 1
2420 179
571 78
1 1
7479 528
213 49
78 24
172 37
1 1
375 65
1 1
133 35
177 36
40 17
52 21
2822 237
96 29
77 36
1 1
157 42
44 14
12 10
37 16
45 22
141 31
9 6
771 98
5 3
117 46
40 16
22 8
451 61
3 3
80 17
1 1
5 5
33 15
2 2
1094 147
1 1
24 9
197 59
36 15
1 1
94 26
8 5
7 5
2 2
537 73
2705 244
1344 144
15 9
27 13
10 7
21 9
1 1
712 68
1996 125
1 1
56 16
12 7
406 66
3 3
2 2
212 63
192 29
47 22
47 17
93 31
86 31
3925 298
39 13
1 1
119 39
1038 148
2398 201
8 6
1 1
2 2
105 31
395 77
2 2
302 42
695 118
2 2
21 11
26 10
1 1
2 2
3 3
115 26
29 16
1 1
2 2
161 33
14 7
73 20
264 42
5 5
18 9
1473 109
53 22
1578 131
7 5
107 29
530 73
196 66
28 13
96 29
483 64
30 11
26 13
25 9
189 46
2137 183
6 4
38 18
84 19
16 7
103 39
5 5
335 65
2007 151
359 65
1 1
1 1
13 8
418 51
28 12
10 7
5 3
123 35
187 33
398 90
7 6
33 13
13 6
1 1
59 20
4 3
35 18
11 8
52 15
1040 141
4054 266
86 26
1 1
574 65
90 25
277 59
322 43
1 1
1613 109
2 2
1401 179
3341 249
1 1
7 5
6 5
2 2
13 8
54 23
174 50
3 3
3 2
64 21
1946 209
320 67
2 2
2 2
1412 112
190 51
1001 197
3 3
661 86
4 3
8 7
1 1
9 7
234 42
9 4
753 108
653 106
1614 153
7 5
3 3
8 4
1696 164
325 80
28 15
2 2
878 123
1 1
6 5
190 72
81 16
225 69
1 1
737 140
141 48
17 8
275 72
673 93
2 2
253 67
3 3
297 54
1 1
36 17
3 2
62 27
1303 117
7 5
235 51
2 2
740 104
47 12
3 2
576 75
668 109
350 74
83 18
1 1
805 91
38 23
31 14
17 12
2 2
71 28
170 39
1 1
58 20
1035 101
47 13
1 1
12 5
329 59
15 9
2 2
16 7
3 3
107 30
1 1
164 34
715 90
737 113
441 63
140 24
1 1
766 116
4 3
431 50
24 8
2281 196
21 7
134 31
1 1
25 10
381 74
143 49
10 6
3 2
76 35
1 1
5462 375
217 51
7 5
704 147
1 1
2 2
5 4
24 12
17 6
2 2
1 1
1126 152
67 19
115 27
3570 236
3 3
4 4
1306 110
186 39
5 3
10 6
5 5
23 14
1242 75
818 92
24 11
7 4
1880 243
3153 294
37 11
72 17
200 52
9 5
110 39
2200 201
1 1
46 15
18 12
17 8
230 39
5 5
3128 184
898 106
4 3
4 4
23 11
812 79
1051 97
38 22
88 18
6 5
3 2
48 11
1908 159
75 30
413 87
36 11
783 61
1 1
438 101
523 114
72 23
3 2
1 1
2 2
9 7
2 2
209 32
402 87
102 24
55 21
83 38
168 44
11 6
21 10
1 1
2081 189
2 2
992 114
1066 75
206 48
47 10
117 21
1 1
1 1
1699 149
1903 212
162 35
698 100
1611 127
1 1
126 38
1 1
28 18
99 27
1456 174
78 27
724 101
4 4
776 99
311 51
682 82
1 1
529 104
11 5
512 96
441 66
7 5
13 8
20 12
50 18
4 3
3 2
7 6
21 13
1 1
718 87
2 2
5 4
3 3
1 1
18 9
865 123
1233 150
156 38
130 35
1502 104
9 6
1 1
6 4
11 9
17 9
1 1
6 4
92 24
962 94
304 68
1 1
189 33
6 4
110 26
2 2
138 38
184 41
87 21
43 17
653 66
499 53
89 30
6 5
4 4
34 21
45 18
190 30
481 91
67 25
59 18
9 5
5123 450
1255 129
320 60
21 15
8 4
70 17
1 1
26 8
45 18
5 4
23 13
4 4
842 142
859 127
1 1
552 75
2 2
26 15
21 9
4 3
520 91
12 6
73 32
1 1
1669 163
30 13
9 5
4230 374
10 6
1 1
2 2
11 7
236 52
12 8
204 50
128 34
18 9
2 2
548 90
504 124
1902 162
703 90
18 13
9 6
348 72
176 53
276 51
24 13
20 13
13 7
19 11
258 52
505 80
288 67
11 7
14 10
1020 152
131 34
14 8
83 28
4 4
104 34
30 16
5 5
383 56
8 5
4 2
27 16
2 2
31 11
1 1
2 2
158 37
1376 103
436 54
1952 169
9 7
17 8
2 2
1961 202
313 61
101 27
928 142
1545 142
45 21
183 39
63 19
107 34
30 14
26 9
29 15
74 23
652 123
23 8
19 10
14 11
78 26
1 1
11 5
1 1
482 66
373 66
72 24
41 14
431 47
6 6
17 8
8 5
4 4
2 2
11 5
8 6
12 5
26 13
39 17
43 19
1 1
2 2
1 1
19 12
3 2
1 1
37 13
1736 163
12 6
3790 210
32 13
18 9
674 96
143 34
7 3
5 3
130 27
1886 146
8 4
41 18
57 23
3 3
2 2
35 13
139 31
4 4
6 5
31 11
1 1
907 109
6 6
119 35
2 2
7603 300
12 7
432 82
91 24
303 62
1 1
21 12
66 18
27 17
2394 136
980 122
5 4
1 1
1 1
1722 149
3 2
2 2
316 81
42 21
96 33
617 105
12 5
7 4
3 2
2 2
79 28
108 26
23 10
5511 337
7 6
13 8
1 1
89 24
12 7
20 12
11 7
8 8
2486 141
2 2
23 14
189 61
84 22
34 16
6 6
8856 301
83 16
42 18
2248 287
122 27
9 8
3 3
20 7
6 4
1 1
7 4
149 24
2 2
1080 124
81 24
13 6
2 2
23 8
121 31
175 43
422 76
1 1
21 12
71 15
58 16
300 65
22 11
622 118
669 72
1 1
2 2
12 8
2 2
2 2
1439 216
15 7
26 11
275 59
91 15
8 5
11 6
374 57
13 11
2 2
857 96
16 8
1 1
191 43
35 13
9 5
222 62
3 2
3 3
284 63
392 66
28 17
13 11
1 1
66 21
9 7
47 19
125 30
1294 147
2 2
1331 146
8 5
1178 109
1 1
391 50
2 2
20 11
610 98
457 52
1 1
907 133
13 5
9 7
372 75
28 10
97 24
297 59
551 63
88 26
5 4
7 6
28 12
11 6
125 36
152 42
4 4
788 105
4 2
11 6
18 10
69 15
3 3
238 48
1236 213
64 24
6 6
10 5
3 2
1 1
745 132
94 30
3184 222
95 23
2 2
24 15
56 23
222 34
949 74
2346 161
175 33
285 72
5 5
4 3
3 3
2862 242
557 59
53 10
1 1
2 2
1 1
1148 174
1048 112
6 5
24 14
67 26
1 1
3 2
791 79
1 1
4 4
16 6
2 2
2769 175
3 2
1 1
3058 118
41 15
691 108
47 22
1 1
479 56
2248 200
392 55
140 35
100 35
101 32
4 4
143 38
278 52
25 10
345 41
98 31
305 53
228 43
4 3
404 61
136 37
9 6
5 5
14 8
3857 179
7 5
130 32
110 35
23 14
129 32
312 47
3 2
1 1
5 4
2 2
54 14
6 4
11731 411
405 95
2 2
1 1
31 16
12 7
2 2
1 1
33 16
4 3
1534 162
12 9
54 17
2 2
179 47
7 4
513 68
33 18
3 3
1 1
10 8
19 8
91 37
18 12
401 67
3 2
10 8
151 47
14 7
76 18
1 1
15 9
5 4
15 8
40 14
9 5
18 11
418 50
14 6
5 4
3 3
140 41
1 1
11 8
141 46
1534 108
416 37
5 5
6 4
1 1
2 2
1504 115
45 15
110 31
127 50
337 48
9 7
269 60
194 48
16 7
3 2
2 2
4 4
5 5
99 36
756 104
100 32
1 1
7 4
2 2
393 64
526 115
1 1
3915 202
10 8
73 21
1800 146
16 8
2 2
111 38
1 1
2 2
31 14
40 14
3 2
15 9
8 6
745 102
2 2
3 2
825 96
697 93
151 48
11 6
21 14
671 89
3 3
4 4
56 21
226 40
1 1
4 4
82 30
4 4
1348 101
35 18
9 5
347 66
1 1
9 6
92 27
752 59
12 6
6 4
617 138
2 2
329 55
1606 117
182 46
92 26
1118 128
739 129
1 1
205 50
7 5
73 25
177 44
24 9
16 5
587 111
7 6
587 82
1 1
174 33
2090 207
48 14
3 2
106 28
155 36
1 1
900 112
1 1
59 14
3 3
2 2
13 5
4 3
7 6
772 122
44 16
1 1
89 23
8924 269
1 1
1 1
4 3
2 2
1 1
100 33
9 4
4 3
1547 175
788 105
3 3
3 3
3 3
1 1
12 8
117 31
2 2
8 7
3 3
27 9
181 36
5 5
13 7
87 33
1006 126
1 1
4 4
3 3
1956 217
44 14
4 3
30 11
1 1
2980 194
42 19
1 1
189 32
12 6
88 24
11 4
63 27
652 90
22 10
84 24
8 7
1 1
9 7
7 3
2 2
2357 182
21 11
8 6
2 2
2039 184
31 10
4 4
4 3
196 39
23 10
3050 140
1 1
107 32
3951 188
53 18
129 30
1 1
73 17
2 2
203 40
2883 225
1 1
7 6
4 3
7 4
9 5
199 39
6 4
1 1
65 13
274 61
7 4
563 74
9 6
3 3
261 39
1 1
109 34
189 33
2 2
144 23
1314 130
355 44
1075 142
7 4
983 83
694 102
2671 231
4 3
4 4
45 21
158 32
2258 132
378 70
9 5
5 3
4 4
45 26
1202 157
2 2
716 73
135 42
1034 62
909 136
55 15
86 17
6 6
2499 206
11 7
51 17
1 1
1 1
122 22
8 5
13 9
55 15
16 8
11 7
791 91
964 87
1 1
1881 187
5 4
496 101
1 1
219 49
6 5
158 37
17 12
1 1
13 7
12 6
240 44
54 17
27 12
1067 161
1 1
2 2
95 37
2 2
19 11
16 8
125 30
4 4
114 34
1 1
4 4
1 1
15 6
367 66
35 14
192 55
20 12
28 13
2 2
11 10
4 4
1047 175
585 78
1010 113
4 3
175 41
97 23
14 7
1693 116
845 151
42 12
14 6
7 5
455 68
17 11
4 4
310 51
1304 87
38 23
2 2
39 11
44 21
19 7
1 1
205 43
348 87
48 16
22 9
11 6
1 1
62 15
261 54
31 18
4 3
17 10
1583 151
1176 158
17 9
986 93
41 9
383 43
194 49
32 19
6 5
29 13
51 20
511 100
5 5
3 2
3 2
1 1
22 10
50 24
1 1
1 1
4 4
32 14
66 20
1419 124
88 25
30 12
4 3
1766 206
2130 117
1187 83
166 37
1 1
85 21
5 3
370 77
1 1
6 4
1128 193
14 8
2 2
363 74
2240 135
39 15
14 6
1 1
141 36
70 21
1 1
6 6
330 82
140 39
57 13
2 2
4 3
1302 131
26 10
12 7
48 19
22 14
2080 265
111 48
1 1
183 31
9 5
2 2
1141 222
10 6
9 5
2 2
603 133
14 8
7 6
1 1
282 53
29 15
16 10
925 91
169 45
299 51
1 1
4 3
18 12
29 15
5 4
1 1
313 46
63 24
122 38
21 9
40 15
7 5
3090 284
1 1
1 1
1 1
1629 222
1 1
413 89
36 15
1 1
1 1
7 5
11 9
147 33
1 1
1 1
1 1
3 3
4 3
1 1
1 1
6 6
6 5
39 17
1 1
559 116
60 17
325 63
24 10
2251 117
1977 134
311 58
1924 113
10 9
4 4
2718 155
9 5
1606 153
276 56
4 4
1770 225
861 89
171 34
1452 213
5 4
35 22
295 81
5 5
8 5
58 23
139 33
19 8
11 7
3 3
56 23
26 12
208 44
1 1
1467 165
781 99
8 6
286 45
1036 161
2 2
8 6
89 22
11 8
164 46
34 13
2 2
6 3
1851 152
1619 159
289 81
63 18
22 9
1 1
4 4
160 60
232 35
2 2
3 2
23 14
1110 188
5 5
7 5
17 10
350 51
25 11
7 3
83 23
49 18
14 10
507 61
7 4
755 73
4 3
8 5
1 1
333 57
379 72
174 52
154 35
37 11
16 9
16 10
141 26
8 5
29 10
261 57
1396 169
263 66
4167 269
60 32
733 110
62 27
1 1
13 5
84 29
95 23
744 96
1 1
481 44
1 1
5206 332
38 21
70 26
6 5
61 23
25 10
13 9
17 9
1 1
248 61
1368 167
14 9
3 2
2431 246
1219 151
61 21
3 2
36 10
17 8
436 81
4 3
171 51
295 48
142 27
2 2
25 8
45 18
219 60
36 13
1 1
8 5
8 5
32 12
4 4
5155 282
236 56
2614 205
6 6
547 119
151 62
653 67
4 4
134 31
36 19
3 2
3 3
2 2
1 1
7 5
1 1
130 40
148 43
2346 142
159 36
1 1
62 19
605 60
2 2
529 97
2 2
388 96
1 1
4 3
27 14
165 28
445 92
2676 184
4 3
76 19
5 4
127 24
1 1
86 33
43 18
1 1
1 1
5 3
15 6
150 32
37 15
7 5
609 112
1 1
4 3
2107 133
2 2
57 20
58 23
1 1
11 7
2360 177
5 3
2 2
8761 473
26 9
135 30
1 1
14 10
1138 186
29 9
123 35
3465 232
2 2
3 2
2 2
69 20
2 2
2 2
62 18
18 6
4 3
1 1
1745 225
2 2
2 2
120 39
510 82
186 37
28 10
4159 388
51 12
18 6
2 2
1 1
5 5
415 78
9 5
9 6
1 1
15 8
325 45
1330 174
55 19
16 9
11 6
1611 133
1 1
751 88
67 21
1 1
3 3
26 15
25 11
1 1
532 91
5 3
1 1
49 23
10 6
7 6
338 34
40 14
4 4
1 1
36 15
38 12
573 63
163 40
3 2
2 2
37 16
2266 243
1 1
26 12
1 1
6 5
238 38
212 43
2 2
4 3
1 1
2 2
14 9
68 31
639 78
5 4
28 12
21 12
225 33
2432 146
6721 350
351 59
2376 188
280 60
354 75
1 1
63 22
2 2
111 36
18 9
1740 207
25 12
83 19
33 11
153 41
219 31
90 25
1 1
137 30
19 9
5 5
28 16
11 8
910 166
3 2
77 25
7 6
3 2
12 7
1 1
464 53
63 22
3 3
21 9
4 3
10 6
44 22
518 120
3 3
2 2
2 2
1 1
90 30
3 3
18 10
2 2
533 82
928 139
763 69
88 24
1778 148
4 3
26 13
114 41
477 75
535 99
5 5
87 25
284 49
347 67
34 14
3 3
1 1
1 1
2 2
5990 375
1 1
227 39
13 8
1057 123
1 1
858 164
1 1
218 43
13 8
13 8
3296 183
7 7
133 29
61 31
2 2
2 2
2 2
101 36
6 4
78 20
3 3
26 14
1 1
11 6
5 4
766 69
2 2
3 3
2314 263
180 26
99 24
49 16
181 47
12 6
1 1
1 1
365 94
1 1
4 3
40 16
2 2
38 20
12 6
136 36
454 80
4 4
35 12
253 56
622 89
11 6
388 93
9 5
8 6
2 2
42 16
1 1
9 8
4 4
1 1
2934 152
2 2
309 53
2 2
3 2
1328 122
503 66
407 62
1017 110
202 44
931 127
567 102
1342 115
47 24
2154 164
1 1
49 21
6 4
1 1
1 1
1 1
253 53
101 31
8 5
8 6
687 89
4 3
8 6
16 8
233 42
62 26
4525 400
61 21
15 11
2 2
240 43
9 6
2 2
24 16
4 3
53 31
1 1
8 5
192 29
8 5
3 2
2 2
1303 134
1 1
25 9
335 51
38 17
16 6
4 4
2675 189
1 1
77 28
179 30
2 2
1487 157
45 14
16 10
1 1
6 4
14 11
2 2
2 2
74 15
5 5
16 5
6 4
1 1
21 10
100 28
132 41
714 102
2 2
46 24
279 50
74 26
3 3
553 49
3 3
108 16
3 2
1 1
5520 371
2433 156
2 2
157 32
41 17
909 105
1 1
3 3
82 18
4 3
6 5
132 27
112 43
299 50
46 20
14 10
7 5
3 3
11 7
28 9
3 3
241 56
13 9
140 32
26 14
1 1
18 11
86 25
1 1
13 9
14 12
1 1
6 5
498 111
18 8
1 1
295 35
32 11
5 4
1943 146
814 85
291 39
1243 151
580 108
21 12
26 11
2 2
3 3
777 123
28 14
114 31
182 38
731 144
5 4
2 2
7 4
493 89
1 1
10 6
2 2
42 13
17 9
1 1
150 52
151 41
1 1
9980 285
15 9
666 63
244 65
889 100
2 2
49 20
6 6
10 8
16 9
373 93
13 7
2 2
8 6
8 6
3 2
42 17
5 4
1 1
351 54
170 58
130 26
114 29
1 1
45 12
1205 136
445 55
212 31
2643 248
2 2
24 10
477 67
19 8
1 1
520 54
1 1
1 1
168 32
985 110
10 6
38 11
50 15
734 94
220 39
1 1
3 3
3 3
569 71
62 20
1582 138
3126 290
271 62
258 57
25 11
117 34
36 15
1 1
66 28
1 1
45 15
133 34
1319 71
6 4
4312 360
16 8
11 5
1265 124
238 44
28 10
11 7
8 5
460 92
2 2
427 61
32 16
34 18
110 30
4 4
4 3
13 8
260 42
37 9
46 24
13 7
24 10
465 89
55 21
4 4
3 3
2 2
4 3
1 1
7 3
4 3
4 3
22 8
948 79
2 2
6 4
27 19
3074 173
118 51
7 4
17 7
57 19
1 1
1 1
19 9
860 94
2 2
3 2
2 2
1 1
2103 142
1 1
14 10
35 8
696 112
1367 151
2 2
77 24
219 34
4 3
1 1
1897 161
1 1
1570 155
163 46
2 2
376 53
283 53
2 2
5 5
8 5
17 9
1 1
590 72
4 3
50 25
1 1
89 26
227 68
1 1
1 1
1259 137
8 6
8 6
2 2
3 3
1 1
126 29
2 2
18 9
2 2
145 22
10653 369
43 14
40 18
510 89
290 46
15 8
35 16
1 1
4 4
577 90
2382 191
28 14
81 22
18 8
818 81
1 1
463 64
32 13
1138 130
7 5
55 22
32 11
1 1
265 51
4 4
1 1
949 121
29 10
5 3
330 65
888 81
7 5
1234 119
783 84
1 1
1 1
157 36
69 17
201 38
56 34
12 8
33 11
15 11
57 28
4 3
869 78
238 38
390 64
1127 118
3 2
3 2
904 108
965 149
1 1
8 6
162 31
5 4
1 1
11 4
1 1
13 8
93 28
48 18
10 8
1 1
876 136
3414 208
1 1
14 6
15 7
480 90
178 28
196 30
1 1
2 2
81 26
12 9
3 3
25 9
50 16
665 87
456 71
519 128
3 2
655 129
1 1
22 10
399 66
16 11
265 60
10 5
2767 168
1 1
38 18
1 1
3 2
17 7
6 4
601 67
1 1
769 142
27 11
39 18
2 2
21 11
4 4
1 1
2832 177
40 14
1 1
120 29
47 18
42 13
1 1
44 17
1 1
245 44
9 7
87 20
122 21
54 21
135 30
1 1
10 6
218 47
4856 173
102 23
78 25
3 3
116 25
4303 298
22 15
82 22
321 62
1 1
6 3
69 28
315 61
29 12
2038 152
1528 162
260 43
7 5
337 55
942 74
7 4
26 13
68 25
1314 137
1399 128
68 15
110 38
663 73
164 31
43 15
3 3
52 12
28 8
2 2
5 4
33 13
1 1
844 100
372 66
70 21
1952 163
1 1
1 1
2 2
35 17
32 13
136 39
2 2
179 56
1520 122
747 73
29 12
25 13
140 31
1 1
8 7
21 9
2281 226
3252 249
116 42
6 5
17 9
7 6
11 8
80 26
2 2
2 2
98 30
331 54
987 145
151 36
1268 173
2 2
8 4
5 3
93 24
23 12
1524 138
17 9
377 49
687 131
229 60
47 19
5 4
3 3
2022 184
6 5
1 1
12 6
16 9
79 28
26 13
2534 168
7 6
41 17
999 169
201 50
1 1
1213 115
176 29
833 101
32 13
24 10
1413 171
57 18
166 62
86 22
1045 158
445 75
10 5
1 1
311 47
3109 188
129 29
38 18
269 44
808 100
11 5
268 57
3 3
1 1
103 30
325 44
34 18
35 13
1 1
1 1
142 40
1 1
1 1
35 20
75 25
3 2
26 9
10 5
628 72
138 24
31 17
298 69
18 10
2 2
5059 321
6 4
60 16
108 23
6 4
1567 138
8 4
282 54
1264 136
354 115
1 1
2 2
90 18
5 4
2 2
31 15
506 50
61 23
3 2
59 23
681 77
2 2
41 12
16 10
1 1
13 6
7 6
39 20
40 17
1 1
1 1
1 1
37 16
2588 241
2 2
5 3
115 30
771 81
4 4
492 69
1224 71
871 113
7 7
9 5
96 21
26 12
4 3
9 5
26 10
1339 136
4 4
1012 145
145 39
1 1
25 9
1944 236
34 13
379 55
24 11
6 6
6 4
1 1
14 8
21 7
23 10
77 24
7 6
1 1
1 1
5 4
15 6
2 2
1 1
1825 234
11 4
25 11
106 41
1 1
4 3
432 57
3998 319
25 16
3 2
2 2
4 4
1 1
58 17
106 28
31 18
18 12
39 19
4 4
8 8
99 30
336 88
3621 272
1 1
22 9
4031 226
3 3
4352 152
2 2
6 5
69 23
1 1
66 24
9 7
2482 169
11 8
3845 222
693 158
4 3
288 67
8 6
14 8
4 4
3 3
3 3
2 2
335 49
74 27
1 1
55 24
382 48
2 2
45 23
1 1
6 5
1212 116
3 3
6 5
368 53
681 101
5 4
1 1
6 5
471 64
89 32
105 33
7 5
5 4
1 1
1051 191
221 35
2 2
1 1
1 1
297 69
1186 152
4 4
234 47
54 17
273 42
813 150
99 28
1 1
40 16
4 3
15 6
195 41
291 48
19 9
522 70
360 48
2 2
383 77
17 12
385 94
9 6
15 7
2 2
1019 113
166 47
5 3
687 80
1 1
16 7
6 5
540 102
52 17
7 6
1405 117
3 2
1497 218
26 12
27 13
3 2
3168 210
1 1
1128 135
50 19
158 34
143 34
1 1
5 4
714 110
16 7
6 3
48 19
59 20
216 36
65 22
1 1
30 18
501 90
48 24
7 4
35 21
3 2
505 123
4 4
265 60
57 17
1 1
1 1
4 3
124 27
1 1
7 5
18 11
1 1
1485 171
165 21
472 85
8 4
8 6
8 6
4 4
11 7
23 12
1550 128
37 15
1 1
8 5
858 79
349 51
573 78
338 50
21 9
1 1
20 9
2 2
1 1
4 3
9 4
25 9
1 1
4404 268
29 15
3 2
344 64
3 3
2139 136
1898 190
1 1
112 26
3 3
5 4
69 25
12 8
214 38
2 2
1 1
2121 156
323 44
1 1
2 2
378 87
8 4
624 85
25 14
81 33
76 24
2 2
1 1
151 42
280 73
1275 119
32 15
295 54
1 1
2 2
4 4
2 2
1 1
3 3
47 12
2 2
146 32
5 4
238 66
7164 311
402 71
16 11
7 5
221 53
42 20
4 4
5 4
22 14
10 9
42 14
92 29
12 8
2 2
40 14
785 124
7 5
246 26
571 67
178 45
1 1
25 9
69 30
3 3
1 1
2 2
3551 233
46 16
119 42
56 16
212 38
26 13
3 3
1 1
58 20
1 1
20 14
2 2
121 35
20 9
24 12
288 63
2 2
901 113
14 11
94 23
240 50
132 24
24 13
5101 305
369 63
1214 183
15 7
12 8
8 4
35 19
474 57
71 27
6 4
3 3
345 80
28 11
11 6
269 56
1 1
156 52
3863 365
29 14
67 28
56 22
1665 161
14 8
1 1
16 9
627 100
232 43
5 4
1 1
152 41
28 12
12 10
427 75
42 13
3 3
1 1
4 4
30 12
438 75
267 56
1 1
286 60
8 5
74 20
488 66
219 56
41 18
2 2
76 38
783 116
135 38
787 106
2 2
1181 185
481 74
61 20
15 8
266 29
3 3
428 60
1 1
11 7
17 7
18 9
1 1
4 3
5 3
2 2
456 86
2 2
1304 127
849 87
341 63
1 1
194 46
6 3
56 17
4 3
4 3
2 2
38 15
1 1
2 2
2 2
20 11
1685 224
5 3
1 1
17 7
30 16
1 1
162 27
35 18
5193 243
340 71
12 6
3 3
430 78
8 6
46 13
133 40
62 16
20 12
318 43
27 12
1418 140
3 3
1721 172
170 45
1 1
1 1
1 1
4 4
1 1
91 26
2 2
92 34
1272 135
51 12
6 5
74 27
482 87
3677 164
83 36
2744 231
4 4
1573 158
40 14
3 3
289 61
30 9
1 1
2 2
419 57
123 39
112 37
11 8
8 7
1 1
76 31
15 8
225 48
4916 331
1 1
6 6
9 7
76 29
1 1
141 28
205 41
1 1
977 125
1 1
3 3
1277 132
1 1
107 27
24 14
2 2
10 6
2 2
786 73
3344 151
645 64
93 28
4081 148
33 14
659 109
17 7
13 7
3 3
3948 306
1 1
23 12
1019 95
3 2
23 9
3145 220
5 4
78 22
15 7
142 37
31 13
28 9
8 6
4 4
22 12
244 36
1602 172
3 3
866 96
24 13
3 3
430 82
43 17
1999 139
20 12
269 51
1 1
1094 129
1 1
1436 211
942 149
252 46
78 16
5 4
148 37
122 37
1142 138
2 2
23 9
1 1
2 2
162 37
170 47
38 21
1 1
203 48
16 9
8512 627
1 1
71 20
252 59
151 46
2 2
14 7
296 56
2 2
26 14
4 4
1 1
2 2
57 17
22 13
228 35
2 2
12 6
274 71
1024 115
34 12
18 13
528 72
74 28
149 48
76 31
1387 111
97 41
9 5
48 13
8 6
41 16
3 3
1978 168
9 7
2 2
786 83
5 4
1 1
15 10
3 3
24 15
561 63
5 4
25 14
1 1
303 49
3 3
372 53
215 43
1 1
939 164
5 4
1 1
7 6
4 3
2898 232
2 2
2 2
1 1
94 26
221 42
336 68
2 2
2 2
1 1
2 2
31 13
9 6
1 1
33 11
667 77
2 2
1 1
21 9
1 1
102 32
1 1
38 12
5 4
1 1
1 1
10 7
5 4
5 4
85 26
1005 115
6 6
65 23
1355 117
1 1
60 29
47 18
40 18
2867 212
1672 150
6 4
15 7
925 103
2 2
22 13
1 1
4 4
656 82
102 31
50 19
2 2
328 57
5 4
28 9
1792 172
1 1
11 6
158 24
2 2
83 21
4 4
1 1
2 2
165 41
19 6
129 25
7 7
438 65
1 1
1875 174
8 5
2 2
3743 289
9 4
28 13
35 8
1563 111
558 77
3 2
21 9
907 159
63 14
3715 217
2 2
520 79
4 3
2151 146
18 13
1 1
19 9
9 5
1180 94
341 56
2 2
6 5
176 34
31 12
4 3
8 5
1 1
2 2
49 20
499 74
314 85
156 35
262 41
6 4
36 19
1 1
3 2
4222 223
20 10
6 5
15 6
2 2
2528 224
42 19
77 19
11 6
77 33
2 2
4 3
458 67
5 4
3 3
1 1
338 67
857 78
1307 131
103 33
150 29
1 1
38 13
3 3
7 4
59 18
5 4
111 34
93 27
78 27
669 111
1 1
11 6
2 2
8 5
112 30
33 15
17 11
9 4
430 81
267 48
5 4
181 44
3 2
1129 120
11 7
193 63
581 71
1097 123
758 90
7 5
4 4
2 2
207 44
1389 134
3 2
245 25
1 1
3 3
1 1
98 35
67 21
1 1
122 53
48 15
59 35
6 4
33 15
1 1
6 4
63 23
204 39
47 15
537 103
2 2
573 65
610 89
699 99
124 32
3 2
33 14
13 9
5 4
1 1
2 2
31 16
1286 133
30 14
42 14
3 2
3297 246
104 25
1707 175
4 4
878 116
199 47
4 3
1 1
4 3
1 1
3 2
49 21
11 9
7 5
2 2
2295 183
6 5
1978 176
704 78
1 1
4 4
1329 148
3 3
94 28
57 25
14 7
581 76
47 16
1004 126
104 19
13 9
5 4
12 9
3 3
2 2
139 49
1834 153
135 49
622 102
114 41
111 41
31 16
1 1
343 75
341 60
2429 182
6 5
4 3
6 4
3 3
2 2
3 3
40 10
11 8
105 28
539 83
8 6
71 17
6 6
2 2
30 16
4 4
1008 70
2512 161
557 48
1470 165
1 1
9 8
4 3
9 6
1 1
2 2
1 1
15 6
6 4
326 66
3 2
867 125
46 13
5521 357
473 94
299 41
224 52
4 4
356 71
54 17
56 19
2401 176
2 2
2 2
21 14
88 20
1 1
5 4
50 23
127 31
21 13
1 1
1 1
3 3
1 1
2 2
77 17
169 39
162 33
2 2
10 4
2 2
75 19
1 1
2 2
45 23
261 51
3530 164
159 42
5 5
49 18
1 1
4 3
269 61
3 3
7 4
9 4
295 73
2 2
68 32
2 2
9 7
1 1
17 9
212 44
15965 605
638 94
1 1
225 38
1 1
30 18
38 18
48 20
2 2
1 1
34 19
168 46
2 2
10 5
1 1
19 11
1545 163
8 4
542 98
5774 385
275 37
5 5
2 2
3 3
696 132
2 2
1832 268
25 9
1 1
2 2
299 76
6 5
3 3
7 5
37 14
12 10
67 32
6 4
1 1
2 2
6 5
228 39
11 6
23 9
2 2
9 6
1187 142
13 7
1698 121
2 2
162 36
1 1
366 68
106 25
18 10
44 16
188 26
2 2
318 48
9 8
6 4
2044 171
75 20
1158 197
100 31
9 6
86 16
96 19
340 75
1 1
37 13
7 4
27 11
2 2
5369 267
1 1
2 2
526 81
2 2
1 1
3 2
386 102
35 18
4 3
104 28
3 3
13 9
70 24
125 53
860 87
1578 170
195 30
3 2
589 80
3928 229
1223 115
21 10
4 3
6 5
190 32
85 20
6 4
153 46
31 11
46 17
9 6
1691 137
6 4
2326 144
1 1
420 89
566 77
8 4
5 3
11 6
92 17
857 93
3999 198
523 79
1 1
353 77
8 6
134 32
69 28
1 1
36 12
5 4
185 37
3 3
1 1
215 37
1027 170
6 4
546 100
17 10
2 2
48 22
901 121
98 20
32 10
20 9
8 6
22 12
99 22
7 4
48 13
1 1
19 12
6 4
578 93
4 3
34 16
27 11
923 150
650 93
131 48
455 74
224 34
3 2
6 4
1202 102
101 28
1 1
81 22
16 11
375 54
167 30
15 7
3 3
284 47
34 13
271 51
2 2
11 5
319 66
2 2
6 5
140 30
628 78
3 3
147 28
400 39
8 5
112 39
6 5
31 21
88 28
15 8
4147 231
3 3
811 91
733 118
201 30
5 4
4 4
82 27
13 8
1350 129
24 11
2 2
795 102
2 2
6 5
377 70
3575 359
137 40
371 58
168 39
1 1
60 14
17 7
7 4
10 7
518 112
1 1
6 4
1 1
1461 118
3290 248
232 64
105 37
3 3
5 5
49 12
35 13
918 167
22 9
585 113
1 1
14 9
31 12
397 77
12 5
10 4
426 70
304 55
5 4
630 87
2 2
5 3
89 32
1283 139
1518 136
3 3
627 93
354 79
1324 101
8 6
71 29
9 5
5 4
20 8
40 10
1590 144
4 3
22 9
3 3
91 21
1 1
55 21
56 23
5 5
2417 170
3 3
2 2
20 10
3 2
1 1
2430 180
10 5
65 26
771 149
44 14
1 1
663 91
10 7
179 34
34 15
1857 177
29 14
37 9
1434 152
56 16
2 2
89 27
1 1
87 26
14 5
10 6
18 13
1 1
99 34
1726 171
256 61
2 2
169 33
1 1
82 22
34 12
2 2
2 2
8 6
49 20
17 9
2624 210
5 4
2040 194
5 4
8 5
4316 207
24 12
56 19
24 10
11 6
211 35
4703 163
1536 116
7 5
51 20
3 2
73 21
1 1
103 24
135 48
306 50
17 7
793 87
1 1
2 2
63 16
190 49
2 2
4 3
919 159
292 46
260 36
3 2
42 17
279 38
7 4
7 5
417 87
18 10
1 1
290 48
66 20
165 45
240 50
